128
0  615  458  261  285  214  535  90  754  553  780  959  521  479  291  869  555  121  119  243  638  47  54  955  180  897  53  108  494  918  277  914  51  727  844  54  223  899  93  548  49  338  697  801  625  572  318  346  100  811  774  327  394  141  317  920  151  409  795  380  587  212  923  120  669  50  845  377  586  1  27  77  434  906  382  128  973  348  607  947  694  347  86  586  203  870  918  375  554  326  7  856  493  200  178  222  61  736  390  461  642  692  68  715  590  339  19  687  450  149  988  584  503  983  407  297  332  278  951  546  34  78  636  995  800  50  911  162  
53  0  676  757  553  421  345  79  193  667  599  397  871  938  433  596  425  76  595  189  18  579  115  291  967  229  144  287  276  97  653  344  94  41  812  835  611  551  343  430  129  913  152  925  238  758  819  817  777  188  116  292  811  26  614  395  19  999  6  390  361  38  948  195  714  712  561  893  273  153  152  276  117  406  230  16  893  157  534  444  957  783  102  403  806  317  675  288  330  903  361  730  123  728  387  264  765  210  959  400  168  914  943  117  153  587  794  64  157  790  103  312  735  188  795  649  999  779  538  393  631  746  683  421  720  47  18  843  
508  868  0  586  589  414  925  409  816  717  779  182  6  810  899  564  457  602  353  269  68  483  490  758  755  496  366  108  206  240  726  257  211  579  693  808  484  580  608  744  994  379  630  75  485  800  3  446  444  255  560  874  687  206  377  798  768  327  435  637  553  408  958  746  149  618  370  835  686  63  740  974  658  8  652  559  816  850  109  605  69  412  934  332  828  640  378  1  680  257  997  229  629  636  553  166  415  690  685  914  307  143  37  959  558  189  735  584  560  133  732  761  402  575  839  519  294  402  781  743  204  870  438  997  502  575  27  448  
155  222  215  0  946  846  922  189  152  393  847  373  576  397  986  928  177  281  75  177  703  83  283  539  500  888  321  346  371  883  777  559  5  356  528  664  148  209  116  302  75  605  393  476  538  906  68  297  702  37  44  767  86  890  491  431  108  845  69  544  370  35  309  646  10  452  12  741  741  291  837  796  901  90  262  88  374  937  481  426  629  657  43  245  740  576  406  756  238  109  661  53  60  432  717  745  479  174  758  28  420  531  558  933  175  534  14  904  450  332  565  473  839  682  203  68  133  931  435  489  215  472  842  19  518  27  564  525  
574  878  213  618  0  837  871  794  341  460  770  959  197  176  132  989  234  849  905  785  780  274  926  187  958  915  827  432  408  47  762  953  370  143  127  58  731  248  4  843  317  998  211  355  554  543  205  163  483  808  452  546  871  361  684  855  918  102  119  617  392  350  153  368  17  647  994  374  744  304  993  542  159  684  266  84  796  904  445  328  518  506  803  741  952  801  302  771  486  884  903  714  718  919  789  101  513  411  827  936  93  707  658  710  260  360  300  189  641  649  948  277  417  14  915  619  565  281  737  385  370  336  99  754  376  119  216  145  
498  22  389  438  510  0  279  498  228  330  297  133  477  962  343  985  111  111  917  277  221  255  891  180  665  916  472  678  832  5  804  376  246  204  649  388  264  723  132  17  303  179  906  40  470  955  621  548  326  752  312  954  202  80  333  300  113  121  284  481  164  966  688  159  237  844  560  351  905  222  865  455  411  590  736  461  255  311  912  427  697  589  323  891  976  690  115  547  599  186  105  577  719  712  568  497  587  211  459  455  567  524  266  911  332  580  350  405  866  8  553  172  923  605  147  309  477  996  993  968  428  348  390  682  762  59  250  928  
333  192  582  328  193  367  0  884  428  434  580  973  261  228  832  643  543  937  401  251  939  304  137  586  53  792  97  925  576  3  352  951  580  695  510  177  618  272  219  325  821  396  185  79  466  722  582  939  914  407  494  415  267  88  274  791  14  983  814  286  340  736  332  459  344  148  434  978  298  368  882  349  530  614  983  299  718  598  396  735  322  33  142  629  986  680  785  84  930  511  136  854  777  262  479  516  376  888  343  237  386  279  615  527  365  365  896  702  341  847  970  721  960  857  284  761  769  263  205  383  772  422  418  434  31  367  101  789  
152  884  784  801  135  734  512  0  715  944  679  71  584  203  615  378  496  474  473  154  875  945  241  439  741  693  108  335  779  82  31  194  412  978  646  396  399  138  34  547  644  696  691  893  677  959  408  695  577  373  696  223  241  276  899  708  978  232  175  134  444  791  468  832  568  714  45  967  357  221  850  413  671  662  552  166  174  721  711  498  763  756  277  260  950  812  750  341  357  212  551  72  812  44  44  824  342  46  290  955  63  646  233  833  162  376  865  671  966  120  870  910  821  842  255  434  37  143  919  3  908  586  607  296  494  377  935  98  
844  526  115  714  354  746  843  63  0  495  567  885  218  457  984  50  38  258  40  894  953  686  123  415  225  359  263  583  719  808  745  698  387  401  85  999  164  29  926  314  79  533  980  401  143  226  714  552  317  205  619  259  147  933  126  61  981  595  253  574  442  54  367  669  433  308  997  909  415  411  728  508  915  183  925  195  553  270  845  64  223  544  916  238  411  767  16  836  139  218  54  961  503  441  560  519  378  466  970  320  801  397  88  957  284  465  360  370  997  887  925  833  867  648  638  40  723  307  688  767  946  977  909  430  0  63  846  984  
905  195  622  507  60  606  831  918  529  0  389  625  130  568  348  323  609  247  766  750  83  811  689  687  9  346  205  531  352  82  230  804  162  94  175  995  415  742  380  775  472  55  773  520  802  547  861  946  801  132  816  957  317  115  702  304  166  725  931  568  126  155  663  150  606  66  543  412  30  545  701  384  602  913  151  140  546  394  295  804  210  970  558  559  410  179  859  402  922  397  924  511  917  54  296  320  499  926  599  389  989  942  82  536  651  976  946  477  473  223  552  963  932  207  475  126  769  987  23  122  629  109  650  593  520  542  520  423  
703  149  330  128  252  426  312  512  161  302  0  271  512  102  810  15  64  659  457  208  176  360  416  531  300  67  203  73  416  228  165  526  429  180  711  377  105  824  821  589  293  415  679  669  275  890  55  192  105  800  13  671  913  725  151  764  104  285  484  858  527  720  888  777  404  953  208  593  316  795  609  47  432  860  340  576  584  278  833  441  332  292  242  765  60  157  826  588  743  875  671  850  802  221  691  417  788  697  323  410  929  21  749  406  222  302  431  427  202  29  659  774  332  670  846  328  216  705  145  214  565  53  236  428  587  531  914  269  
412  920  1  139  671  482  590  672  953  539  237  0  79  643  294  202  218  750  208  46  591  713  475  844  402  508  679  813  867  604  342  202  257  995  573  77  22  443  569  289  481  204  37  582  860  766  415  747  754  69  667  145  423  55  720  639  309  109  641  987  38  469  981  772  817  504  715  568  424  508  784  202  175  426  463  850  832  736  287  987  406  933  537  341  23  325  700  924  194  8  806  333  439  593  63  520  124  516  33  653  161  842  78  162  18  929  556  960  520  16  613  224  178  330  219  217  720  948  63  480  206  930  52  49  664  898  157  359  
928  485  859  750  33  449  323  732  121  218  783  459  0  509  795  514  517  267  761  4  319  869  276  705  253  403  594  362  220  805  827  544  68  992  28  226  562  589  740  737  711  498  913  538  607  207  701  874  518  488  73  545  809  171  27  756  426  420  787  660  96  398  687  740  932  182  602  990  873  457  261  335  154  891  53  917  848  803  803  494  337  786  868  46  839  741  384  810  369  475  540  1  310  413  13  756  843  686  757  589  967  368  239  377  794  242  965  640  436  488  10  922  469  247  18  183  103  372  374  774  69  506  248  104  599  515  228  537  
652  203  53  917  599  446  8  369  424  846  141  704  99  0  269  810  512  386  184  715  646  747  391  106  262  698  593  417  167  682  627  983  181  206  544  27  879  988  455  363  133  399  64  706  832  29  135  395  542  105  566  799  70  186  301  439  71  474  980  714  221  984  627  948  155  638  680  565  112  931  187  663  453  295  306  641  428  510  705  7  682  343  213  384  754  503  198  648  412  776  882  17  962  329  237  577  528  228  640  807  753  762  321  813  795  404  834  609  71  973  807  426  358  150  441  201  875  888  929  644  10  98  28  877  997  353  725  336  
846  207  570  289  335  775  913  338  551  710  865  62  537  18  0  758  805  43  586  349  424  278  101  304  1  415  392  655  46  614  206  317  64  385  764  245  513  547  359  911  286  615  3  792  199  200  687  56  2  500  530  665  170  916  356  405  337  385  585  485  883  595  117  53  478  54  245  805  586  428  292  749  996  467  942  779  776  355  543  596  970  991  264  890  351  48  583  212  97  300  946  478  842  142  967  807  295  55  151  275  115  252  963  789  499  239  621  619  994  805  479  673  676  667  743  856  625  910  576  224  821  126  969  64  790  962  601  47  
481  463  317  577  840  231  480  680  413  767  792  572  951  908  783  0  640  905  468  253  936  572  621  739  776  793  407  261  737  462  262  774  157  184  873  152  333  466  342  449  425  674  632  920  75  999  557  241  7  678  974  790  775  491  993  873  600  928  439  696  62  254  938  234  469  33  380  332  336  620  855  79  8  641  461  54  685  358  81  973  746  931  575  869  558  464  672  937  137  213  966  310  505  41  938  95  363  622  294  477  88  116  231  84  695  433  509  935  135  73  903  574  821  280  836  91  948  310  926  617  694  577  852  863  249  170  772  38  
845  10  975  459  960  41  645  40  176  151  154  915  442  28  500  254  0  384  360  832  728  99  351  55  914  704  796  93  813  808  905  631  710  483  417  108  690  863  18  595  531  929  804  189  746  647  15  565  130  480  52  762  315  294  937  136  13  620  36  565  869  131  67  848  786  571  771  283  682  596  922  767  730  60  438  827  652  454  58  616  596  785  179  699  431  282  162  272  314  48  518  570  451  33  122  418  222  543  359  360  167  317  335  20  943  378  689  109  61  170  916  619  855  244  675  870  195  10  917  947  918  63  566  276  903  52  813  603  
822  742  66  51  990  210  18  100  915  882  198  728  497  274  66  471  14  0  809  320  726  432  334  594  160  840  225  745  698  310  899  573  44  263  670  624  743  514  904  344  596  198  918  143  294  891  757  983  795  488  127  589  861  600  847  231  401  869  885  70  842  646  724  103  608  593  658  238  516  421  760  993  803  987  581  942  746  207  731  128  522  190  708  461  471  625  97  599  351  200  666  114  917  837  573  466  979  586  482  884  554  824  961  836  284  165  148  354  209  56  120  130  711  695  22  589  833  397  839  166  230  148  557  335  388  319  933  93  
214  551  310  890  598  650  744  435  888  317  961  323  380  184  368  65  496  301  0  220  392  294  848  333  117  569  135  898  432  111  405  554  78  994  22  619  22  65  806  149  25  979  929  314  675  389  218  968  860  752  344  512  906  689  201  79  721  846  320  934  903  176  180  166  484  252  509  720  952  800  77  221  563  438  125  149  35  893  259  385  786  732  135  48  546  665  924  663  766  191  431  832  387  375  110  87  863  828  712  567  48  569  976  753  91  494  671  360  395  424  481  99  495  431  689  716  708  977  488  504  56  392  451  169  451  642  307  794  
701  485  237  452  432  517  909  32  648  719  400  825  719  111  618  780  48  981  345  0  760  807  6  422  706  445  405  650  300  162  684  956  154  451  51  623  82  128  0  608  991  996  515  919  506  710  136  852  71  721  474  464  29  377  960  627  743  98  431  15  722  6  915  877  316  48  151  390  870  747  253  252  580  871  787  727  28  872  967  689  682  694  546  932  935  702  58  706  393  789  28  259  919  641  391  296  681  406  36  922  826  394  671  305  45  628  374  452  799  492  346  663  845  327  579  144  49  320  602  675  453  502  229  71  37  190  359  140  
714  627  825  227  739  89  719  743  393  272  12  151  996  796  767  523  564  959  321  927  0  633  601  424  222  865  78  410  647  440  444  130  712  754  473  228  94  436  28  37  101  160  4  331  105  908  867  797  69  807  98  316  685  701  312  477  915  103  176  947  805  971  394  644  972  958  791  637  51  427  591  907  44  249  456  790  486  196  679  50  926  200  269  71  400  749  520  237  881  493  947  672  589  838  219  97  800  831  162  206  81  685  826  617  236  148  477  597  381  757  321  553  45  652  498  248  158  846  532  579  588  197  884  226  225  406  850  247  
632  493  683  340  217  624  878  43  475  432  479  82  941  739  89  345  76  914  859  390  903  0  10  983  977  308  828  952  970  538  146  180  419  236  707  720  422  498  684  937  101  909  11  522  47  649  859  56  975  784  595  432  427  520  276  623  698  505  980  39  493  362  487  420  990  247  849  692  60  235  172  686  200  531  692  339  390  507  439  589  310  272  626  782  487  161  503  720  886  998  484  694  427  750  775  695  92  717  852  331  761  482  739  847  702  436  561  283  77  294  270  227  235  348  104  629  870  962  996  327  724  681  318  220  410  111  786  196  
592  864  56  706  93  806  53  456  236  687  170  953  559  718  954  10  883  411  422  145  974  819  0  671  618  276  467  160  989  275  653  259  47  89  115  167  376  61  661  319  903  707  116  683  431  977  803  656  910  319  864  690  636  33  423  677  452  165  761  866  549  185  948  309  926  968  500  302  875  127  104  999  506  443  217  23  567  360  327  702  179  507  191  704  101  8  512  455  116  895  624  468  279  319  139  609  577  278  835  866  925  66  548  498  575  342  478  774  206  131  984  107  652  23  508  869  756  615  757  497  448  313  396  743  807  871  90  415  
780  827  563  48  558  704  895  959  528  669  564  712  185  869  584  636  529  340  574  587  825  517  246  0  305  979  515  185  288  808  656  435  596  733  761  34  416  78  568  631  521  43  464  937  623  396  834  346  557  692  226  880  495  681  459  926  365  57  889  355  893  188  646  252  642  141  696  717  400  984  451  233  726  102  285  112  166  366  311  891  577  219  205  288  147  279  882  930  787  322  82  226  384  779  462  987  96  86  261  577  473  492  805  582  126  66  287  558  469  479  455  372  231  670  415  680  160  729  789  839  407  941  708  914  645  53  506  694  
780  660  102  752  182  564  398  357  434  76  494  720  309  346  474  354  627  644  903  477  727  132  546  422  0  371  428  885  656  359  546  37  975  312  614  66  41  879  422  621  893  138  582  864  412  366  801  575  968  670  353  747  121  899  713  136  196  269  129  599  932  624  816  739  749  711  177  884  881  864  137  920  904  537  559  721  721  136  384  551  914  318  180  540  301  94  301  221  936  36  133  753  783  960  331  199  672  251  685  964  801  470  921  226  600  510  142  190  771  195  551  435  282  538  283  422  695  676  754  963  241  996  543  720  906  981  364  123  
328  226  178  419  103  938  485  334  41  726  624  648  145  153  899  491  428  996  580  675  802  337  379  421  224  0  614  142  496  636  806  412  467  841  956  233  236  391  55  643  220  210  227  425  696  406  401  162  303  875  488  961  559  25  454  709  452  479  812  324  753  868  113  234  946  563  177  977  310  684  301  388  613  850  840  195  863  942  712  843  207  423  800  350  915  235  267  896  163  928  173  568  824  772  554  146  43  818  328  644  999  516  545  67  560  282  13  21  654  224  954  959  844  83  615  170  537  742  502  58  459  915  332  546  365  39  736  989  
963  564  257  384  861  511  584  699  931  891  350  313  527  164  77  354  991  975  151  996  502  455  447  323  190  575  0  803  914  492  801  858  592  940  407  37  17  68  888  657  699  558  694  896  574  296  778  374  575  12  552  867  973  655  208  610  485  600  87  83  145  333  570  494  407  290  23  639  458  813  999  913  458  917  856  144  909  178  861  935  366  153  490  399  982  381  10  331  910  949  506  604  794  703  235  5  155  156  145  952  750  338  686  258  894  740  662  587  678  911  133  457  73  98  614  648  136  64  95  670  916  602  434  925  793  78  889  179  
483  568  292  98  46  589  654  341  379  562  788  673  747  30  753  423  390  317  265  464  784  64  415  624  835  451  648  0  220  519  898  900  679  424  417  506  113  583  252  908  45  648  688  753  825  477  556  738  613  293  504  124  109  235  847  520  850  315  613  10  93  900  119  951  959  41  117  867  956  50  453  77  240  130  208  581  55  402  26  867  312  522  918  17  720  836  753  848  943  42  84  599  663  837  222  318  742  560  658  421  567  809  873  921  970  983  853  963  171  194  838  590  627  574  324  901  871  586  472  603  596  864  341  987  264  405  136  3  
677  498  674  701  695  321  364  918  31  425  459  473  441  448  917  349  246  275  161  73  863  912  520  993  221  532  836  843  0  634  544  102  232  273  615  928  825  655  27  983  995  106  50  966  531  751  208  642  916  222  257  488  733  467  126  377  174  675  569  828  176  290  935  491  627  482  300  198  136  707  510  329  954  662  107  909  827  361  639  259  978  634  399  670  967  32  437  439  609  689  104  495  944  619  502  732  587  88  684  643  684  869  28  444  510  8  742  349  956  331  162  8  971  867  212  764  70  582  276  971  140  200  794  926  698  457  927  8  
374  658  799  332  607  917  336  735  299  393  551  229  171  125  788  578  823  574  868  135  717  575  608  383  136  398  214  272  881  0  614  558  933  51  291  176  313  274  542  557  937  199  526  507  646  756  309  377  760  764  649  495  717  189  562  78  620  660  95  762  931  543  809  715  12  961  757  35  6  752  206  790  356  643  740  831  499  302  79  599  808  428  212  823  63  591  498  993  744  816  144  815  876  892  597  571  615  366  447  97  973  587  365  693  236  184  449  551  154  455  415  243  993  449  114  947  887  407  511  709  523  664  587  430  497  724  964  120  
145  404  890  56  347  294  726  827  346  527  124  294  677  96  406  252  139  197  779  7  424  360  490  650  883  405  322  466  652  273  0  641  426  548  443  595  470  274  970  210  248  88  890  653  818  602  626  587  761  136  893  490  357  150  533  120  441  536  814  288  991  263  659  831  595  506  710  430  579  168  944  796  471  766  21  467  958  781  447  26  979  786  11  158  494  656  362  310  883  575  130  705  711  3  550  337  383  811  227  332  191  702  362  691  780  482  933  389  360  871  574  258  823  48  426  143  207  143  493  429  657  532  641  706  717  282  189  299  
338  308  471  298  443  509  543  323  547  872  745  391  339  948  368  844  512  825  341  124  111  613  112  133  717  236  376  90  278  112  648  0  982  541  534  514  335  598  375  289  828  201  665  740  53  651  343  36  24  328  895  779  415  574  428  389  918  218  705  582  843  133  687  648  780  807  312  79  642  542  686  172  995  877  389  478  191  137  109  498  656  216  898  288  934  650  983  749  272  843  170  157  214  379  428  993  914  100  622  56  976  447  872  698  126  447  698  977  757  335  570  289  22  285  275  733  964  984  959  990  504  681  322  104  410  452  575  659  
870  466  67  484  778  552  271  462  174  980  827  112  458  607  899  824  519  912  758  17  479  336  439  824  407  412  710  618  429  12  117  521  0  520  363  816  574  589  917  998  213  183  796  874  188  242  778  586  406  188  746  202  514  671  929  913  108  860  91  308  650  762  535  437  392  383  422  746  319  531  468  637  48  705  273  267  778  384  759  602  922  886  373  674  953  850  599  196  321  402  723  392  506  814  704  39  318  793  175  421  497  868  908  155  883  721  658  384  797  678  453  213  180  758  480  370  788  928  589  523  757  733  538  527  728  375  787  574  
84  2  650  333  310  568  66  778  50  930  786  52  629  142  954  674  240  863  158  644  625  4  969  482  958  348  158  52  660  691  758  114  800  0  444  277  141  628  375  437  228  493  670  567  287  51  372  688  989  739  619  741  22  92  367  315  856  282  277  282  727  755  128  365  796  324  249  29  197  426  963  991  478  538  41  720  189  249  438  378  791  568  589  65  250  832  361  908  948  40  656  407  598  15  11  297  988  848  218  325  277  159  799  713  231  806  542  460  258  910  472  497  826  217  975  445  828  357  543  347  84  668  636  253  686  790  538  916  
565  158  278  578  182  647  596  492  349  511  707  157  152  720  899  198  685  322  220  780  987  812  143  678  842  848  283  548  805  561  141  295  447  102  0  464  594  387  59  248  431  824  590  752  145  815  213  598  392  775  651  640  912  734  20  744  27  760  839  896  167  115  968  733  984  557  228  758  98  591  192  234  973  308  864  667  364  691  364  179  715  124  660  478  0  492  785  928  239  412  442  288  998  74  189  690  291  475  12  391  738  673  947  303  696  60  94  234  715  801  101  681  341  624  180  586  119  26  397  570  125  629  632  106  2  392  1  767  
793  891  970  204  17  314  912  843  950  614  923  823  966  734  589  128  660  544  95  714  878  546  394  322  410  3  155  554  53  687  734  7  212  598  42  0  189  82  719  511  945  237  969  361  88  508  965  704  446  115  611  166  42  576  332  751  331  275  910  232  248  971  309  28  190  239  132  813  806  812  650  117  505  658  997  669  971  790  397  125  407  128  591  580  208  644  578  226  672  4  818  854  639  926  261  930  148  529  591  466  169  581  24  947  89  245  234  528  599  767  999  955  353  101  837  774  519  488  384  350  289  457  142  197  92  161  385  33  
225  762  220  911  922  52  640  926  158  9  55  706  782  234  381  198  485  706  936  564  143  609  449  55  889  845  980  885  423  979  613  916  966  975  595  634  0  241  359  471  100  110  18  509  686  620  575  315  838  732  617  708  765  557  842  23  60  964  826  527  62  603  742  774  319  797  165  787  87  410  118  523  917  455  616  309  396  339  763  507  281  151  339  495  86  199  650  139  121  337  919  974  873  706  225  514  873  570  154  988  932  89  133  512  248  600  872  482  681  728  815  408  371  242  474  900  207  484  815  599  345  0  184  201  517  258  803  416  
611  785  367  470  13  67  966  405  403  651  869  537  448  667  965  938  588  899  356  235  271  142  794  789  912  38  808  844  203  450  951  78  630  364  382  926  756  0  725  832  918  308  451  503  99  165  105  443  18  920  625  619  794  858  905  436  342  291  79  970  332  275  640  936  981  781  997  900  139  272  395  502  202  87  677  82  385  455  329  633  8  222  469  97  571  556  639  933  40  576  258  950  740  282  482  667  621  942  465  683  769  629  245  817  84  956  128  529  681  227  419  641  493  624  326  952  399  642  414  157  907  941  891  597  202  935  438  813  
909  507  428  690  573  392  902  776  153  371  574  680  858  894  354  263  689  0  100  367  79  349  989  158  642  682  88  448  141  166  525  152  958  601  774  129  772  800  0  578  630  655  860  161  114  212  255  407  371  866  894  696  506  991  366  169  648  57  523  467  402  246  297  133  354  920  273  768  549  464  236  836  0  214  347  323  239  436  422  854  959  98  872  132  217  794  202  464  931  590  756  392  770  514  862  930  784  359  8  436  719  606  151  116  512  279  686  335  133  47  389  148  164  275  648  631  59  30  38  102  923  806  983  30  82  203  298  57  
304  344  46  808  874  865  113  503  826  457  610  799  526  600  253  715  945  773  496  277  528  242  311  233  897  65  36  162  659  140  456  719  417  963  801  384  382  644  670  0  514  441  160  979  972  615  556  9  334  639  688  723  79  638  795  375  747  741  971  960  995  62  320  656  745  615  775  305  245  454  136  579  820  256  68  77  213  501  116  302  30  378  470  288  348  115  405  307  234  669  609  191  680  719  261  545  194  458  814  559  957  838  336  774  282  767  566  914  955  930  333  848  859  452  758  915  970  212  577  773  500  337  788  991  171  198  914  123  
281  917  481  19  842  93  876  467  777  297  100  562  757  40  913  947  561  890  82  525  99  808  85  325  616  818  337  91  511  902  948  25  662  287  95  79  915  91  394  917  0  360  109  951  979  686  328  815  718  73  69  354  330  479  423  200  265  605  787  479  885  288  97  299  339  695  233  171  792  880  915  775  812  172  55  868  971  948  629  574  551  991  235  148  802  3  178  838  270  384  393  135  121  657  246  489  239  598  510  418  619  434  139  51  872  831  974  316  34  509  18  599  241  448  402  688  856  257  753  517  314  641  212  337  95  265  465  247  
116  41  132  43  992  185  454  944  384  668  989  322  920  16  560  585  279  125  120  828  714  408  570  169  672  978  567  414  641  213  662  822  171  927  437  266  986  350  95  823  95  0  538  363  876  300  635  705  667  646  576  417  366  769  693  148  348  129  168  765  504  550  498  137  224  709  811  9  694  538  501  530  774  912  627  60  410  719  726  162  652  719  71  269  889  795  181  223  786  564  301  900  36  499  175  975  399  105  445  956  598  128  315  995  595  937  664  926  844  206  966  23  756  514  320  519  587  691  328  584  892  858  252  887  35  557  326  403  
193  665  422  446  60  641  430  894  147  19  101  404  946  345  572  85  950  751  238  980  919  451  249  521  166  894  629  697  181  267  867  191  597  278  183  636  23  412  695  409  473  326  0  29  23  892  641  17  68  147  909  343  538  47  917  52  141  951  354  779  487  854  228  65  83  335  802  151  822  444  170  757  212  370  574  920  657  687  704  675  231  997  391  639  487  312  850  797  842  689  726  317  169  145  358  192  324  89  648  218  989  460  98  735  924  610  120  661  817  269  150  14  862  414  316  868  240  479  229  699  881  518  11  231  633  707  943  654  
52  2  109  901  733  30  982  669  567  565  88  208  220  694  466  909  468  502  626  332  180  387  545  523  3  163  656  198  614  277  441  205  74  96  112  126  28  499  857  256  150  987  653  0  818  448  272  55  595  601  816  761  624  29  639  466  962  713  199  161  384  347  695  743  125  764  492  647  745  603  966  591  736  266  160  703  132  821  758  939  131  522  884  833  771  984  1  329  409  631  508  399  312  826  974  448  219  394  613  323  460  445  501  970  281  300  449  198  307  177  112  169  975  772  542  808  118  588  52  465  509  855  182  550  718  106  671  124  
757  511  977  742  322  69  86  263  61  23  518  502  265  755  153  243  470  173  570  654  338  124  102  33  323  267  555  617  863  307  835  354  702  623  66  112  435  140  578  377  551  974  123  456  0  684  626  676  987  626  267  119  790  27  726  283  977  111  97  798  741  699  91  807  660  996  310  476  591  458  163  241  2  924  338  180  500  980  817  769  373  485  339  547  844  517  70  277  115  357  350  119  800  730  414  517  466  153  828  240  143  253  15  367  209  634  201  26  293  762  962  239  344  586  148  789  409  92  872  827  894  838  602  444  782  316  261  426  
321  871  724  575  206  567  660  96  209  649  312  383  736  614  399  976  753  192  314  197  886  566  137  86  738  414  57  909  617  936  572  95  579  516  513  453  460  827  746  332  193  639  540  261  392  0  852  851  649  371  493  526  358  277  688  64  538  62  64  971  557  3  440  637  796  448  556  178  105  396  823  30  861  874  886  863  581  330  377  74  456  154  425  519  898  554  742  387  413  452  6  239  212  268  84  953  90  970  75  72  286  812  991  819  675  185  23  419  193  226  545  858  478  692  69  215  458  723  131  122  240  691  618  315  977  245  471  289  
465  765  844  253  33  281  517  751  678  121  617  133  351  146  248  560  416  527  721  688  767  596  863  948  726  698  571  966  419  749  638  981  342  349  165  555  202  636  235  827  391  336  107  524  378  438  0  101  415  984  443  774  885  285  457  714  407  833  591  326  852  466  598  812  271  113  605  460  302  36  238  535  479  938  776  273  289  606  370  595  863  564  89  812  89  560  360  584  433  541  854  973  851  587  89  94  634  983  638  878  675  402  345  108  189  534  312  889  773  994  797  120  134  252  771  68  15  986  910  430  489  521  186  590  503  362  54  580  
735  366  184  994  186  441  947  41  789  209  177  940  813  914  851  208  322  40  346  906  806  695  335  935  5  363  449  85  46  661  750  998  902  653  629  368  464  783  934  981  140  381  929  732  287  640  169  0  432  559  531  165  97  664  387  110  674  654  629  434  392  542  732  281  951  555  632  971  237  337  59  888  471  457  632  755  569  132  602  552  694  208  171  584  795  164  100  226  246  714  276  432  247  611  170  341  102  484  345  456  512  232  247  24  121  712  333  312  306  890  624  431  202  43  719  867  517  21  508  770  215  967  755  944  417  893  119  563  
730  605  555  147  482  524  916  421  627  702  966  339  301  8  379  240  488  894  956  408  324  307  767  355  89  490  849  474  457  41  12  685  669  240  26  228  635  956  966  766  912  722  940  645  824  584  523  746  0  526  671  941  853  586  146  299  358  501  464  43  959  91  523  728  911  714  763  622  595  35  94  194  357  95  180  449  517  559  979  954  103  199  424  348  751  484  862  910  513  528  996  424  253  154  525  335  956  309  338  348  66  592  737  153  50  574  968  377  408  221  945  966  458  698  293  352  954  186  455  227  79  891  574  458  950  155  165  683  
275  133  323  667  980  886  36  634  204  746  405  35  601  341  578  231  952  471  991  402  317  394  318  17  643  405  352  561  138  464  65  93  36  4  302  601  980  365  51  661  252  264  368  391  600  186  32  156  608  0  874  351  419  761  319  67  776  513  962  222  128  385  19  606  501  52  662  303  993  712  711  46  599  540  434  782  122  109  230  816  568  21  513  898  801  766  329  620  743  911  22  604  31  510  333  973  506  830  752  218  191  188  892  98  538  387  710  635  986  312  66  230  819  26  170  822  540  404  919  596  809  615  283  893  688  23  67  751  
97  902  574  514  572  892  890  29  530  260  410  52  172  961  198  269  901  897  167  614  768  323  819  522  764  113  323  8  352  413  452  289  399  321  142  245  994  72  926  748  276  762  938  192  67  101  230  390  648  740  0  429  143  172  582  461  892  508  748  994  447  423  292  472  369  504  52  539  867  496  290  470  767  470  489  202  734  59  242  38  444  533  685  29  264  784  376  349  878  42  97  484  41  972  680  962  459  183  478  455  108  344  103  212  41  7  976  221  297  401  920  967  647  42  473  653  846  660  268  519  788  205  524  694  315  348  217  662  
502  633  153  128  623  901  969  930  288  402  713  428  538  979  514  268  787  983  161  468  868  941  337  340  897  244  480  353  704  629  262  830  223  541  971  939  725  54  839  546  119  876  180  586  387  305  469  351  821  933  292  0  608  166  612  996  691  572  706  428  578  911  775  468  24  89  485  377  948  674  932  932  851  985  107  422  224  658  739  629  274  373  98  307  124  753  862  651  935  212  920  219  304  634  955  181  334  601  450  410  921  250  775  988  886  427  832  648  462  862  397  123  709  611  208  434  708  438  300  225  253  440  158  427  15  781  205  772  
922  728  390  248  449  902  795  315  82  850  324  26  315  441  290  682  226  537  592  807  860  974  733  596  60  514  703  287  775  358  271  977  404  498  182  981  381  275  747  370  355  778  678  216  966  433  400  734  995  977  810  507  0  929  366  292  626  216  606  76  404  654  459  766  702  584  897  993  820  936  969  885  950  415  389  850  828  787  227  263  958  342  63  9  336  133  886  319  62  659  212  52  935  770  539  615  733  82  57  309  662  293  609  119  799  767  755  894  343  968  966  360  251  929  842  882  859  933  340  685  151  120  402  625  561  697  215  905  
639  763  879  183  369  20  670  968  464  909  920  228  127  204  466  269  77  403  984  956  647  11  930  561  186  235  402  321  489  845  271  157  673  389  821  406  57  636  668  970  916  56  413  20  471  677  895  359  694  526  649  949  145  0  27  452  550  722  583  895  346  257  510  880  252  764  643  673  169  918  29  434  883  381  952  556  919  879  904  80  761  67  987  370  480  21  560  18  160  990  280  352  564  211  924  643  728  926  686  574  575  815  601  114  530  67  25  187  229  70  524  874  353  217  404  118  30  461  770  700  591  376  22  55  622  146  219  551  
616  179  853  392  932  871  511  222  216  686  466  398  186  727  671  112  785  676  618  418  159  262  197  726  964  515  464  311  30  852  549  371  349  853  579  952  604  758  86  706  862  587  504  99  593  139  35  383  771  462  8  579  518  133  0  323  714  313  365  746  509  651  952  331  705  199  936  650  378  113  756  131  598  288  277  521  437  310  843  49  104  950  129  938  268  209  178  127  411  427  297  812  404  488  283  875  993  796  839  816  306  597  179  28  645  299  152  403  830  32  710  1  723  890  400  800  706  842  821  688  590  928  44  439  21  98  577  422  
224  96  933  945  889  44  455  876  189  323  668  366  877  36  637  461  104  822  465  712  517  244  34  914  948  676  103  640  737  470  807  368  460  273  296  320  301  320  775  276  792  324  672  52  67  297  795  544  623  575  31  466  674  242  264  0  761  548  460  983  985  335  444  57  653  571  247  35  533  53  975  713  440  850  734  397  626  808  348  479  214  481  556  131  594  1  438  112  965  955  5  731  478  982  154  403  621  597  458  515  230  487  471  77  755  551  182  245  155  165  997  123  518  35  798  662  565  515  432  155  575  557  93  639  492  91  659  230  
619  103  871  259  914  520  950  218  685  188  278  803  265  424  222  313  465  480  542  366  53  491  776  283  390  723  770  615  882  273  568  507  379  192  385  338  941  824  406  917  880  772  869  991  291  845  937  934  136  242  837  840  942  414  164  656  0  978  906  237  142  973  193  615  266  520  758  116  748  210  795  473  149  568  858  983  812  851  131  612  749  790  638  36  155  464  464  447  881  71  564  198  981  628  419  733  924  960  316  354  977  247  800  878  25  233  347  295  5  777  984  232  887  903  131  800  484  129  672  966  961  461  540  964  578  241  702  760  
208  12  583  907  950  643  507  967  916  538  330  680  423  22  784  60  176  509  590  96  802  446  596  607  820  269  604  960  301  321  943  654  390  706  187  157  679  24  940  248  46  430  610  945  24  813  362  667  801  385  648  541  117  52  994  189  956  0  905  875  279  213  815  750  370  11  870  361  612  665  607  706  493  8  164  179  855  37  356  352  97  41  208  632  8  264  285  141  612  408  193  521  851  51  736  597  580  859  132  613  559  936  954  902  903  322  868  264  482  577  842  253  210  379  350  893  789  242  811  257  123  473  945  565  456  682  612  418  
107  431  872  89  114  616  682  758  776  452  210  945  710  717  441  652  76  300  427  645  154  960  481  52  583  351  452  47  98  804  447  93  653  775  372  775  653  87  675  557  959  758  757  287  680  709  732  550  980  594  225  447  909  878  838  344  216  680  0  689  311  39  86  244  198  632  63  859  52  513  591  372  448  269  589  60  262  532  957  262  351  701  760  341  776  982  439  351  248  915  315  965  753  172  318  11  960  939  370  660  727  359  185  241  349  962  306  125  209  301  542  539  313  622  996  581  577  480  841  630  76  963  161  369  122  620  916  676  
950  400  143  977  546  272  946  94  945  522  953  463  684  271  971  862  196  330  579  706  759  509  453  889  61  2  498  976  756  478  91  729  474  265  143  361  133  70  195  766  516  336  270  316  882  474  789  821  373  840  464  856  838  558  125  88  146  359  29  0  566  404  714  915  448  615  652  833  880  890  471  966  393  670  736  496  620  67  498  689  18  664  827  532  90  912  495  447  55  629  214  962  506  369  693  159  294  782  859  885  38  192  17  464  988  893  588  680  981  400  988  985  704  995  479  995  703  592  797  183  544  994  752  894  838  124  636  926  
123  558  285  588  343  228  408  408  267  870  593  546  681  662  708  617  146  762  20  161  261  847  883  684  987  942  655  715  525  12  324  346  882  113  597  309  893  417  870  476  366  173  485  177  297  414  169  701  599  747  89  339  717  116  521  145  452  641  570  756  0  933  902  847  480  421  342  656  566  871  491  275  869  76  619  358  903  827  427  435  550  871  351  871  881  487  92  126  254  688  87  474  485  810  766  647  882  945  911  624  531  638  27  887  386  968  808  884  756  642  386  506  419  372  471  718  326  442  746  971  640  174  137  345  580  270  54  724  
180  337  387  983  446  136  534  165  142  369  268  584  951  295  708  564  723  764  946  510  92  184  406  988  712  188  899  710  643  337  252  567  706  10  966  579  146  581  692  815  595  688  879  211  137  832  161  496  841  276  109  818  814  862  398  643  694  562  952  524  282  0  777  493  880  967  411  26  332  956  292  993  891  78  709  193  454  465  618  475  784  481  498  147  515  401  930  332  401  151  210  178  422  26  250  623  329  680  217  670  933  632  949  898  325  752  287  827  647  535  930  965  416  816  837  368  25  875  544  223  987  967  841  977  758  818  719  974  
707  159  421  428  685  548  50  49  336  167  261  896  168  127  927  629  745  893  156  854  584  679  620  887  674  345  777  786  562  93  560  925  409  831  313  334  667  999  368  183  207  210  971  575  711  361  46  659  130  488  62  179  334  398  33  555  857  357  729  453  300  673  0  41  2  422  178  739  313  539  5  261  831  421  255  733  612  375  238  415  304  12  771  59  789  853  417  950  504  698  68  402  967  993  748  828  287  198  675  610  520  908  464  699  202  284  543  691  264  348  614  142  98  597  306  168  839  562  645  395  976  412  841  153  504  836  185  147  
832  780  908  161  362  179  290  975  986  204  431  430  689  351  89  678  123  26  536  64  747  448  219  130  119  855  739  372  565  627  93  792  188  752  634  40  790  969  255  248  802  237  115  518  180  767  613  803  422  131  316  254  863  343  696  152  224  480  172  346  801  810  184  0  785  423  720  507  966  916  809  229  42  910  843  846  514  828  595  473  570  593  421  550  798  561  995  459  908  783  258  720  538  54  70  320  386  757  680  687  674  737  738  406  150  515  134  392  957  182  467  861  911  493  587  937  250  83  779  61  983  461  607  389  539  965  511  506  
676  16  454  331  77  390  258  252  258  396  134  666  690  406  123  659  221  133  17  24  831  276  875  934  660  789  593  92  140  299  853  483  630  560  750  21  141  223  36  79  309  254  135  993  876  470  262  120  265  518  506  168  251  750  551  299  201  335  223  819  174  462  938  44  0  183  539  687  54  35  472  999  713  663  157  451  569  740  483  689  624  605  961  400  641  279  348  171  599  140  676  448  728  222  346  669  703  337  851  142  294  577  307  32  753  988  71  683  534  215  354  723  519  230  294  847  706  741  42  366  643  712  61  699  469  262  218  761  
380  731  40  586  879  527  540  152  721  159  17  225  473  335  200  352  371  772  976  945  472  0  948  98  284  629  927  195  955  874  707  209  559  410  374  295  733  53  147  831  429  688  670  429  929  696  966  452  383  845  970  374  765  740  194  926  223  637  354  394  798  639  930  714  507  0  222  312  264  101  261  781  283  870  636  35  480  389  710  236  344  915  146  532  267  796  442  151  337  197  102  882  528  968  670  741  97  441  950  315  471  477  389  366  380  412  950  977  605  135  210  201  100  556  367  920  727  569  730  753  416  570  566  792  422  407  588  196  
646  403  146  442  25  537  279  521  899  153  657  342  914  496  185  663  336  606  574  735  741  902  925  510  358  871  492  696  317  322  902  544  733  173  903  332  171  808  584  948  677  349  208  350  496  450  792  825  222  801  514  321  870  955  561  298  415  923  99  626  163  457  639  577  816  918  0  610  85  954  21  985  964  887  323  497  684  675  73  223  843  178  52  963  60  106  564  232  496  578  635  194  913  827  180  147  339  262  937  876  578  710  293  669  91  390  798  260  564  831  880  155  47  892  461  42  57  51  14  818  462  328  403  129  560  611  326  207  
560  396  644  592  390  526  756  633  466  544  412  213  314  227  815  232  215  578  47  386  280  880  541  921  223  47  501  135  119  250  408  306  788  189  104  416  362  73  725  417  665  78  388  254  310  609  818  118  837  813  277  426  359  921  294  896  642  775  470  204  881  452  382  863  65  702  626  0  536  71  994  574  651  229  86  672  817  2  587  603  901  625  963  967  67  765  560  158  959  40  343  478  326  53  668  462  391  184  954  528  845  758  115  12  684  152  487  438  619  655  861  236  681  937  518  990  161  408  412  978  533  713  927  221  764  629  912  612  
616  950  404  650  573  122  643  132  314  544  659  919  16  173  867  350  244  882  620  634  59  68  432  891  234  129  513  384  584  503  888  263  327  804  925  923  92  162  946  143  226  363  225  670  912  927  632  758  74  625  582  75  99  993  576  928  706  523  482  846  550  884  792  586  96  314  699  102  0  992  255  830  368  156  413  70  272  645  866  50  462  382  617  447  670  848  155  945  696  724  531  926  518  91  420  220  414  197  193  808  932  942  864  655  725  627  465  472  208  735  267  940  413  171  130  556  822  795  785  934  345  127  737  9  392  820  790  678  
339  791  968  732  293  602  697  650  959  611  996  749  53  674  280  239  526  345  717  138  542  388  664  518  430  825  268  901  184  824  293  431  810  708  291  208  443  226  439  104  218  831  519  485  97  23  411  34  640  509  963  261  949  555  575  741  460  292  365  258  674  292  868  279  392  947  572  793  234  0  1  395  391  393  351  840  400  134  265  810  758  838  997  390  724  730  723  327  266  569  659  73  768  427  647  248  9  619  280  701  498  541  159  924  190  34  902  661  836  437  235  655  389  54  632  475  483  661  812  788  431  872  273  563  380  864  407  509  
518  439  125  445  475  672  17  79  370  346  627  502  276  848  949  742  972  569  238  948  670  93  219  632  171  303  137  446  902  525  371  28  609  398  956  164  377  719  628  788  998  93  618  84  617  142  4  984  935  226  451  140  139  620  903  797  198  280  682  718  196  838  891  347  320  298  346  717  808  817  0  200  504  529  266  383  114  72  404  161  645  760  194  203  530  515  101  116  870  252  247  864  78  428  524  35  671  191  743  181  617  744  175  932  51  362  95  643  222  702  934  215  953  801  508  942  348  349  769  33  637  278  659  944  810  711  353  968  
753  44  213  877  688  516  660  983  482  412  219  904  706  699  789  683  260  842  700  21  796  877  418  83  365  79  15  284  170  943  352  749  855  348  478  989  407  314  791  860  320  787  744  463  679  185  333  824  111  12  278  492  56  117  153  734  273  289  440  473  384  906  751  208  940  377  505  745  729  356  352  0  960  581  103  244  571  149  162  477  148  751  541  697  479  409  456  76  185  417  898  135  598  487  183  433  292  202  180  662  603  303  276  939  932  973  467  627  896  164  940  96  278  843  816  948  676  798  646  476  860  750  245  750  966  381  560  879  
87  732  629  165  85  107  494  681  701  813  24  423  130  110  320  203  423  157  460  871  71  0  775  545  831  201  463  756  568  364  920  186  472  368  16  824  386  986  134  305  195  410  683  483  605  712  18  510  124  562  307  57  461  904  208  366  437  151  945  826  116  97  700  795  763  519  185  188  591  586  693  437  0  212  747  623  722  31  679  951  607  109  952  561  213  736  473  42  451  434  106  696  525  730  612  201  660  557  231  412  161  645  705  501  693  897  264  958  613  832  529  763  723  721  155  933  421  963  773  413  825  733  139  771  164  178  209  957  
134  934  858  516  609  166  57  310  955  712  335  447  770  513  865  813  774  401  794  252  513  951  168  971  855  162  263  378  22  983  681  348  797  16  847  572  913  195  9  286  321  475  829  513  490  28  296  337  192  559  425  256  605  721  857  753  145  845  101  494  593  876  25  307  679  487  782  90  189  714  480  402  258  0  347  542  608  355  230  423  676  406  479  901  453  89  848  823  881  162  704  814  563  753  742  43  153  662  938  111  902  922  903  959  932  209  521  721  808  112  168  453  842  578  461  126  130  621  893  946  934  160  36  892  305  80  412  614  
576  108  628  582  848  976  430  777  294  535  779  62  979  646  471  327  662  377  668  699  56  901  242  549  723  655  818  783  21  859  532  765  453  796  17  128  197  346  55  773  474  916  535  858  695  51  96  675  753  889  26  567  926  872  480  14  872  343  790  78  197  619  621  651  121  671  357  145  935  864  176  463  14  198  0  478  132  300  934  813  357  615  803  718  667  288  771  976  202  502  32  99  95  53  212  916  192  10  180  347  569  200  166  214  755  149  791  413  73  954  315  799  265  115  522  219  187  953  303  908  582  782  7  499  304  364  114  340  
906  612  690  799  541  180  761  105  694  828  401  420  340  346  515  757  527  370  610  608  240  439  395  238  513  197  542  959  160  756  557  527  643  78  46  457  162  147  947  499  644  969  814  809  15  669  874  487  709  190  534  671  492  144  106  336  901  745  973  511  522  547  131  878  106  778  307  406  936  829  88  943  41  692  515  0  659  179  694  563  571  107  460  613  260  928  606  959  531  342  846  204  975  224  272  109  844  636  254  894  386  719  449  627  402  525  481  954  575  753  368  512  785  531  416  19  732  388  555  125  950  99  28  639  90  497  928  895  
771  735  135  389  739  512  290  105  671  126  580  320  932  10  657  310  9  991  685  560  429  588  76  544  680  443  767  346  349  723  55  751  716  941  716  670  69  689  186  604  754  684  632  860  559  795  400  789  325  835  169  125  363  617  609  239  189  571  290  428  114  638  904  147  54  603  91  846  920  845  534  601  55  929  69  590  0  621  720  411  417  923  185  12  918  925  270  179  316  300  370  452  770  152  860  324  222  51  388  576  46  898  440  629  780  94  322  751  946  142  127  743  229  663  971  853  619  3  523  951  491  92  651  897  942  603  334  584  
724  792  788  759  810  772  629  952  15  951  312  88  947  961  66  695  335  103  463  589  136  538  580  761  302  422  133  374  425  841  406  424  143  460  634  127  818  403  392  659  528  270  265  134  438  571  577  421  622  183  960  27  835  995  422  164  664  932  19  894  403  184  535  892  765  596  34  898  282  722  985  298  305  37  47  353  717  0  494  68  520  340  620  775  303  492  306  2  471  84  926  555  655  758  241  301  868  20  427  927  888  452  415  173  391  650  58  74  871  901  836  545  192  849  672  970  664  647  985  657  492  203  95  727  680  107  948  49  
35  628  172  637  787  115  23  249  315  129  760  192  840  766  624  186  99  976  324  377  156  74  106  442  179  411  762  189  352  823  811  71  130  159  984  17  474  210  392  703  669  92  185  494  996  449  800  950  533  274  157  489  951  651  264  303  32  68  43  472  40  813  525  777  340  814  27  671  283  324  686  49  381  665  869  696  151  535  0  350  321  468  824  202  470  785  557  167  668  732  579  580  428  123  414  578  808  739  720  769  701  855  533  282  487  375  111  859  119  146  174  952  613  148  500  704  426  387  92  838  314  718  327  699  889  222  421  410  
829  220  977  442  933  973  878  199  506  935  698  70  897  512  470  402  52  461  917  568  199  559  953  157  814  486  637  166  888  710  912  275  926  31  840  112  668  842  199  478  802  976  630  831  990  950  319  465  217  451  421  26  640  430  923  552  419  346  510  60  747  556  367  398  305  815  682  301  109  14  154  732  634  928  379  811  988  257  354  0  579  678  789  787  109  559  701  238  71  124  785  257  935  323  265  938  486  331  155  500  145  528  409  981  609  568  457  643  339  304  891  934  463  338  37  774  740  418  98  917  530  30  539  100  843  415  528  101  
730  616  312  219  234  523  369  471  898  352  342  894  45  76  448  176  998  98  783  774  152  812  769  311  188  548  644  256  434  79  658  153  50  674  678  148  845  672  174  805  124  730  967  667  16  262  563  575  256  333  673  453  847  974  549  202  839  19  603  400  946  917  2  98  784  864  786  948  567  16  749  872  975  738  714  732  428  297  161  525  0  437  194  66  889  261  882  638  533  525  90  483  799  143  619  979  569  819  107  265  545  835  515  439  51  630  738  844  375  400  724  766  640  268  184  517  308  989  69  528  76  642  803  687  105  941  870  522  
173  497  237  747  260  36  894  681  266  312  91  125  42  629  922  903  715  124  170  513  952  724  248  804  814  7  215  581  296  213  903  90  968  435  933  774  909  411  166  238  453  468  448  352  988  982  97  359  389  802  397  178  113  790  785  959  140  453  841  463  588  912  475  377  852  754  52  885  611  525  772  582  291  114  361  732  844  24  753  968  885  0  355  361  750  959  960  805  106  446  482  512  969  106  302  804  479  367  13  929  397  160  730  36  245  895  653  789  578  542  10  495  59  283  743  815  1  841  966  589  493  486  892  672  201  385  344  389  
274  624  167  345  256  304  718  891  872  571  418  95  559  900  706  162  160  821  426  192  962  492  882  113  392  911  707  701  480  140  775  204  95  383  160  434  862  749  967  100  770  969  31  676  615  113  750  338  415  333  503  107  534  10  809  384  111  977  378  922  526  406  582  649  9  779  814  678  94  61  115  859  27  321  176  835  881  788  284  889  692  309  0  305  877  86  605  481  911  837  747  280  164  708  183  663  777  90  39  962  642  462  129  910  657  767  589  258  137  907  373  144  729  817  764  878  860  745  191  421  500  804  861  653  92  868  23  158  
797  574  492  99  77  478  529  687  941  490  146  683  284  750  239  258  717  69  679  505  421  852  163  658  415  882  660  664  250  323  572  999  12  962  245  149  677  167  659  947  225  790  79  308  319  107  766  994  31  892  571  734  469  826  537  834  959  336  668  68  454  657  226  2  706  752  570  564  92  79  586  703  685  494  19  930  469  240  750  860  977  523  311  0  182  578  692  400  279  876  673  720  91  14  45  476  426  900  438  65  747  785  156  327  684  509  710  883  861  679  785  915  393  313  231  341  137  54  614  818  260  915  714  231  110  494  926  175  
568  635  813  596  838  515  305  196  624  155  173  805  134  560  118  579  849  375  760  454  617  927  535  984  453  351  659  251  497  825  882  960  347  123  829  320  288  31  493  37  700  589  146  976  414  318  555  654  981  920  567  418  143  135  687  863  801  186  457  19  151  179  164  909  569  283  718  185  788  2  357  994  16  64  750  612  821  280  643  674  227  572  142  893  0  908  911  870  467  757  40  466  287  317  977  756  306  427  115  474  815  987  141  166  842  810  460  533  959  281  396  992  930  58  212  573  334  316  206  254  116  105  583  463  415  328  409  800  
162  727  31  551  741  394  779  270  913  277  389  574  444  41  712  791  669  50  613  931  388  893  790  47  685  929  519  341  884  77  358  653  883  843  851  583  478  471  349  503  89  467  136  452  71  406  935  703  581  606  798  697  39  827  53  605  116  26  788  667  51  458  131  164  124  19  549  541  792  916  422  88  745  536  643  240  925  230  792  280  63  556  66  69  695  0  343  317  97  44  464  353  981  930  917  639  715  915  968  620  300  463  27  670  116  28  330  373  494  507  252  183  814  666  579  125  487  190  938  630  132  265  637  308  230  911  395  4  
213  110  583  512  926  902  217  970  768  100  174  104  14  63  333  531  122  148  484  414  957  944  637  892  473  921  992  349  151  75  495  670  669  239  813  632  484  297  704  163  480  750  129  81  358  323  140  245  59  203  380  242  34  840  466  467  522  269  322  694  467  580  469  183  350  720  909  375  559  288  65  536  540  148  200  349  244  191  372  588  2  176  432  702  922  377  0  692  812  268  275  736  408  290  285  536  89  674  803  166  13  381  322  380  155  194  140  704  285  903  565  49  216  641  70  342  482  174  98  329  490  216  807  811  214  397  48  142  
90  592  557  646  347  681  766  655  129  315  273  102  421  691  663  314  225  394  286  800  864  77  108  723  165  566  336  139  24  108  291  304  387  748  260  52  969  118  832  268  979  683  962  493  993  621  517  702  151  184  116  499  855  778  100  879  449  415  538  690  82  212  960  35  720  571  249  243  23  680  48  44  699  309  293  324  722  196  660  326  396  667  180  98  666  990  142  0  365  367  45  574  527  475  983  456  129  435  710  182  277  469  988  246  891  826  146  423  365  384  44  865  560  613  609  180  268  321  121  825  145  335  489  292  907  502  920  626  
267  136  589  574  342  531  886  710  574  270  150  240  678  756  620  286  40  149  655  691  794  355  771  728  775  438  310  311  64  620  27  176  646  203  875  531  385  817  793  190  997  567  548  957  165  424  368  264  472  242  682  859  466  67  871  910  603  209  167  199  643  643  16  168  860  906  211  502  348  267  629  669  102  258  52  162  651  649  834  295  317  345  328  764  936  703  147  885  0  389  207  904  776  877  843  677  675  565  314  456  851  459  808  509  436  998  616  704  830  167  665  385  554  880  885  85  839  226  577  980  128  920  41  49  174  77  261  908  
982  712  34  225  48  255  972  957  34  553  6  280  518  648  480  16  206  698  62  11  542  795  706  428  384  764  375  546  680  48  594  824  323  609  230  541  97  536  303  13  930  819  958  207  592  292  221  150  587  564  417  313  607  756  934  547  549  309  275  397  183  421  374  473  850  557  63  664  858  358  830  542  228  499  995  896  930  207  257  855  697  108  517  75  38  455  728  860  220  0  287  822  590  229  254  499  296  273  175  346  938  682  163  935  463  444  517  656  669  766  708  396  722  835  864  329  151  263  782  43  967  890  138  2  569  903  913  805  
874  420  961  346  858  162  164  128  993  206  888  882  198  62  207  203  210  460  540  335  965  806  986  905  890  998  528  79  444  752  744  736  78  27  883  764  19  694  89  506  756  361  336  10  692  361  424  690  900  721  528  857  172  634  327  580  212  521  299  64  210  866  9  800  333  121  321  421  900  446  925  384  906  30  205  694  622  619  199  655  462  961  969  417  180  614  980  495  828  775  0  74  163  68  611  397  385  659  254  984  576  23  115  291  141  851  986  188  758  461  260  315  43  122  44  134  560  945  94  671  409  36  945  621  156  896  774  784  
692  449  148  987  609  443  964  563  696  965  560  638  780  802  630  829  146  468  750  345  15  848  870  57  314  758  481  430  725  24  159  351  658  794  888  769  572  217  278  584  774  750  480  661  935  601  962  899  90  475  771  753  755  521  447  808  10  956  791  627  501  802  597  162  4  658  157  302  310  945  796  290  827  890  643  294  448  96  580  25  156  332  39  51  357  38  442  916  82  68  265  0  103  202  491  485  725  715  278  32  637  792  62  59  9  399  518  404  110  345  214  598  784  134  49  20  462  858  702  977  488  26  760  246  634  463  709  325  
317  780  550  514  461  61  772  256  698  338  585  994  798  43  121  992  656  87  184  421  946  486  752  816  358  951  405  475  221  125  362  431  927  54  906  708  796  197  813  986  603  735  74  973  90  691  666  128  751  693  232  553  42  364  483  923  793  590  307  444  282  580  352  608  182  852  6  658  435  693  529  999  133  329  415  6  790  121  674  971  90  436  383  83  398  805  39  701  192  321  740  675  0  848  710  440  725  163  357  845  481  526  857  947  230  75  199  308  821  302  314  347  609  801  416  214  908  812  926  99  235  673  260  784  437  222  224  271  
52  729  525  596  278  850  964  256  512  199  578  786  298  778  993  973  679  853  767  50  316  495  338  727  375  776  424  928  175  881  742  397  228  812  368  526  317  842  508  993  254  941  463  130  83  374  67  373  602  976  722  310  552  979  824  733  505  793  192  7  341  23  255  993  483  704  947  663  613  370  628  559  795  335  6  854  792  281  44  71  953  256  681  752  421  679  502  63  902  963  445  817  911  0  734  963  153  821  536  853  266  5  972  573  109  903  970  488  862  995  8  876  330  748  403  847  663  658  743  606  622  339  562  265  59  157  796  638  
184  422  450  586  805  505  216  176  939  17  638  95  561  362  578  887  427  53  736  155  947  619  196  533  65  735  267  675  82  641  940  949  931  159  448  584  789  402  740  682  732  939  196  467  482  385  489  592  841  662  717  158  618  90  336  459  871  500  54  239  438  151  489  709  412  282  693  265  89  191  327  358  25  318  898  302  253  33  963  142  870  419  865  181  335  418  485  323  469  351  164  370  994  154  0  31  297  575  198  743  916  465  789  445  437  290  134  957  715  763  382  478  634  236  731  884  9  609  858  911  105  993  589  441  344  1  986  37  
636  445  193  61  875  256  940  41  7  988  962  241  537  613  414  537  704  149  926  695  989  312  32  944  506  770  231  58  813  884  571  314  77  343  361  787  194  732  959  254  953  929  255  883  681  8  114  119  497  676  397  729  741  638  427  463  209  731  921  365  825  154  564  270  33  519  275  652  992  86  157  767  425  154  133  240  539  270  174  704  677  433  666  236  773  71  400  507  486  571  481  107  306  451  537  0  71  53  262  145  644  567  862  66  439  764  191  148  969  967  713  725  290  265  559  158  864  554  543  856  463  251  807  633  683  4  518  542  
87  63  405  358  411  21  953  732  242  679  424  682  362  297  389  252  739  418  780  351  625  385  157  483  405  234  554  260  783  183  474  29  49  173  688  759  692  302  831  998  357  766  175  522  844  970  286  348  433  144  963  593  935  44  242  728  380  266  949  392  32  354  252  511  847  650  730  623  361  720  25  655  228  4  2  674  582  430  212  818  278  633  405  57  643  506  802  752  113  313  650  416  722  298  808  589  0  900  741  528  174  938  336  21  16  624  555  822  711  764  564  896  376  365  335  535  889  661  354  761  331  495  479  596  20  932  420  663  
420  957  811  785  153  908  728  39  544  81  76  352  174  362  893  820  564  893  639  629  322  774  165  944  138  200  246  625  213  306  943  727  196  947  372  915  258  211  441  924  859  613  252  924  665  133  464  346  340  981  985  680  768  37  185  425  52  936  709  359  275  835  619  828  881  36  193  27  223  845  182  526  789  132  185  419  878  147  567  779  378  118  225  367  619  400  236  357  78  287  480  301  568  726  741  329  164  0  281  393  290  243  345  258  632  984  346  383  965  575  254  317  523  116  594  608  422  534  308  446  542  390  61  818  908  194  336  468  
896  172  696  780  831  577  373  342  730  172  575  271  669  97  275  125  259  657  997  912  283  833  691  761  602  67  983  871  448  675  611  630  929  437  919  128  960  578  468  24  182  800  492  832  979  516  976  120  599  539  981  894  118  494  167  788  882  299  400  982  712  288  102  128  565  233  881  297  821  843  496  409  861  11  113  470  210  17  546  491  831  662  44  499  99  469  266  872  66  540  770  306  893  153  896  406  434  701  0  368  789  159  189  457  387  237  451  716  217  209  271  442  716  391  593  819  97  348  204  925  909  753  255  978  887  97  601  128  
619  820  183  326  685  85  311  639  811  492  220  59  783  275  259  477  798  867  802  652  316  610  145  468  469  40  987  269  702  663  6  876  767  168  305  669  646  827  782  157  564  745  783  303  638  264  501  788  924  492  177  726  243  616  154  107  835  993  865  471  160  235  770  394  755  307  83  550  188  709  276  325  168  401  725  680  200  837  103  755  685  313  503  588  907  18  612  471  598  442  840  569  820  138  132  186  609  235  413  0  632  353  12  932  207  502  371  920  912  933  116  920  947  991  633  971  506  540  327  710  262  324  492  577  942  189  770  855  
416  533  73  134  757  515  865  920  478  247  383  539  942  840  476  914  771  433  502  416  878  909  28  446  893  185  841  506  396  490  246  228  713  66  495  565  500  569  792  283  444  369  980  435  745  791  20  56  754  595  761  608  661  393  812  83  774  398  529  90  430  469  693  57  458  194  944  259  627  286  457  292  38  346  416  955  17  543  703  809  906  564  417  490  181  287  965  768  268  110  552  854  940  239  860  468  689  606  623  44  0  223  469  573  339  455  700  320  68  494  474  984  976  342  82  693  40  314  68  329  843  143  970  328  561  902  857  131  
764  824  196  903  290  171  969  263  509  532  93  327  834  172  269  423  777  730  403  251  110  997  83  847  702  676  452  982  692  719  539  698  440  68  864  821  302  544  9  579  603  663  467  586  799  23  719  440  195  160  601  925  390  121  483  150  639  310  501  537  930  843  102  433  213  651  232  362  135  235  845  340  109  207  472  264  900  880  621  929  987  84  789  907  552  242  781  360  82  730  602  618  74  345  916  176  729  684  548  512  948  0  223  766  230  254  258  313  439  121  95  255  151  889  860  586  401  807  578  875  921  980  206  531  47  174  165  664  
16  271  899  713  257  940  890  697  983  990  91  127  234  920  415  227  280  939  403  982  16  784  239  243  712  656  882  513  464  128  391  505  990  963  908  790  725  354  901  357  108  566  154  506  981  563  293  55  667  171  870  956  812  456  688  767  988  814  26  611  724  587  25  841  319  442  418  550  53  897  999  909  766  483  718  618  577  87  857  126  848  5  53  996  506  163  472  903  642  424  481  665  558  695  819  661  14  865  643  688  956  485  0  746  725  303  391  779  434  958  471  383  725  162  677  802  384  355  778  593  454  479  776  5  292  851  618  398  
30  494  25  142  929  223  353  440  803  75  684  408  531  403  181  530  161  311  288  402  919  350  468  760  299  224  265  686  781  277  500  405  637  950  691  67  849  644  297  183  600  315  714  78  786  734  374  530  754  339  767  670  607  947  297  577  366  999  199  732  903  0  396  529  17  58  881  123  76  672  215  908  690  43  415  317  427  214  200  957  584  658  419  160  912  686  136  620  208  235  661  765  918  504  795  567  877  508  292  462  181  415  324  0  520  146  94  955  989  35  726  839  979  278  535  800  676  969  607  98  157  549  979  573  298  489  319  414  
220  616  783  929  15  929  157  78  818  581  839  649  559  13  356  262  218  935  947  99  881  378  229  956  978  336  651  264  478  666  941  377  354  614  515  459  265  607  603  112  598  761  8  437  12  897  704  16  634  301  251  704  45  392  275  198  406  959  751  996  948  102  150  223  519  967  526  495  298  539  150  588  731  607  772  497  933  861  466  580  317  269  554  10  691  682  669  534  307  678  478  144  176  752  819  886  182  829  43  326  860  860  479  648  0  710  614  895  14  507  480  600  644  880  540  310  719  782  229  490  543  71  388  681  299  678  770  281  
675  597  136  423  669  998  731  227  940  657  492  55  29  584  977  689  28  168  239  540  738  421  482  95  230  829  948  428  709  228  669  707  222  849  98  312  905  837  282  497  302  292  79  761  634  211  565  104  226  735  128  119  867  706  926  582  726  401  586  746  39  507  688  365  720  101  525  213  947  936  23  49  25  139  438  321  596  954  322  56  137  814  427  656  597  189  370  448  253  464  508  495  769  661  299  346  194  341  762  666  537  30  242  69  939  0  689  586  447  78  173  695  578  187  452  454  824  835  710  36  744  423  800  829  737  833  490  919  
289  743  192  732  361  603  165  475  471  668  717  211  996  314  396  462  639  535  188  795  509  742  881  324  217  396  637  275  537  422  227  697  736  198  955  535  119  87  17  868  470  81  20  573  575  450  459  963  280  407  344  12  771  330  948  648  974  393  710  733  296  419  905  799  461  393  46  462  530  794  829  692  240  861  925  960  997  699  802  330  697  702  596  736  418  159  625  647  105  723  890  91  244  474  781  747  70  671  445  83  792  802  493  542  276  782  0  758  262  441  219  542  458  279  467  714  994  378  946  396  972  214  362  339  364  760  993  459  
775  560  636  384  466  280  219  417  690  450  139  927  210  124  263  470  660  526  497  392  769  170  202  591  589  67  265  838  313  893  879  132  832  51  312  212  27  923  584  672  987  207  868  660  668  126  868  205  325  81  70  937  462  36  690  817  465  714  880  200  123  920  529  33  669  159  7  118  613  56  908  295  842  72  770  619  889  887  566  91  782  288  961  327  909  557  839  128  783  830  996  279  54  121  942  370  687  892  791  989  191  118  461  593  510  247  567  0  526  499  799  966  403  955  71  793  530  487  838  886  816  498  938  874  976  392  228  536  
41  471  971  10  783  754  410  292  656  725  403  681  262  837  624  14  91  19  115  623  488  943  267  785  704  730  624  342  630  845  333  742  77  169  604  873  125  538  544  585  863  7  232  158  723  329  907  262  590  308  804  977  185  124  934  765  923  690  279  354  70  100  191  404  484  248  697  694  203  147  963  486  757  357  336  365  348  33  587  884  963  302  521  330  213  880  67  114  88  890  724  876  567  915  134  324  773  323  574  816  694  927  917  987  883  903  606  741  0  826  301  512  141  715  976  817  242  865  572  0  280  298  901  316  235  384  361  16  
948  199  592  808  364  408  542  98  874  236  988  664  630  653  324  816  744  157  67  418  795  85  511  656  7  780  218  405  73  217  413  335  119  667  172  150  134  918  596  399  183  768  463  491  493  80  722  261  305  910  898  111  748  676  230  581  59  517  694  724  704  498  822  817  392  495  529  897  447  999  484  787  590  224  183  116  643  672  544  56  137  855  55  531  400  77  651  88  723  785  389  297  107  48  592  964  639  344  185  126  949  189  351  842  471  259  636  781  672  0  492  141  785  123  527  12  392  745  348  824  342  959  393  205  139  121  237  304  
508  376  914  825  562  78  885  393  456  579  706  220  154  925  495  268  363  706  845  701  177  357  293  904  967  582  689  592  703  537  582  501  442  531  434  57  243  865  242  234  383  496  445  875  964  237  964  807  43  867  294  617  82  77  489  504  472  840  460  391  582  344  318  107  419  961  953  950  677  346  253  8  942  656  592  887  201  732  357  845  292  216  903  420  334  294  172  49  255  177  926  463  79  587  841  303  882  571  436  881  621  320  317  772  215  289  501  34  187  11  0  489  685  758  873  452  233  598  735  546  336  634  920  278  479  17  686  597  
503  219  582  199  408  237  219  67  26  16  638  27  276  246  523  119  484  508  537  231  179  905  773  153  93  661  825  502  420  692  274  872  106  462  186  172  587  656  812  319  854  250  524  407  198  76  705  520  338  347  302  338  816  345  806  366  384  482  777  543  164  497  810  428  998  198  618  330  458  882  607  141  185  970  538  972  388  823  285  130  438  256  686  590  253  5  209  483  666  545  173  289  213  332  2  535  461  502  337  806  304  834  261  525  909  460  8  55  229  945  312  0  291  702  221  402  267  882  770  423  950  301  374  678  743  170  449  265  
924  685  420  366  62  869  945  173  934  619  488  929  683  701  964  465  322  323  223  834  257  904  795  686  366  85  926  399  564  205  817  96  315  816  386  75  914  240  276  574  97  477  855  934  328  540  848  294  116  25  119  525  835  406  164  753  840  314  703  986  563  394  348  383  209  671  117  296  201  715  216  371  860  795  980  345  917  578  442  328  736  640  551  361  5  720  559  166  581  983  676  934  908  883  352  81  7  441  665  252  514  629  268  527  228  889  574  23  643  742  222  296  0  543  941  157  597  550  786  733  885  246  563  56  584  68  379  136  
192  740  132  484  8  630  898  982  186  857  966  414  380  873  884  384  88  534  675  69  695  221  76  331  646  471  490  704  61  275  486  940  321  918  238  30  323  355  547  148  159  228  776  839  864  708  161  758  997  130  444  686  403  220  936  989  665  258  722  267  365  257  849  839  98  431  813  309  546  44  314  956  420  836  279  837  502  175  834  436  218  367  490  682  428  893  300  622  97  241  410  578  831  817  169  117  811  213  554  368  984  790  823  962  698  255  10  214  857  803  13  688  627  0  368  591  444  184  484  486  813  23  678  53  149  896  806  995  
53  553  518  401  157  707  412  729  831  292  286  340  967  910  749  581  84  502  68  282  879  31  483  436  727  215  713  192  973  924  843  256  325  177  891  143  510  473  537  264  387  711  535  615  555  698  759  114  183  992  881  9  217  248  599  999  601  165  646  671  725  892  981  603  946  938  946  678  770  135  674  826  507  93  290  631  706  696  213  194  744  451  522  726  803  467  779  764  859  774  552  640  322  364  666  804  416  884  680  166  954  973  742  46  217  218  416  725  259  552  563  237  206  385  0  156  546  369  830  980  390  493  334  967  163  196  91  730  
69  792  968  450  585  399  812  516  238  23  684  61  829  281  782  294  601  81  896  714  455  599  477  452  337  963  867  378  389  166  934  520  334  449  618  555  432  537  41  938  655  745  228  274  363  444  150  553  668  328  518  676  159  616  207  46  550  757  28  853  702  258  942  208  827  455  992  37  312  554  403  759  342  352  48  218  473  727  495  468  446  605  895  257  801  578  2  581  163  973  341  160  556  829  36  36  489  676  299  225  214  776  307  177  892  384  680  38  451  613  795  224  560  444  336  0  227  300  174  852  495  90  956  898  396  624  461  527  
799  265  729  199  982  219  665  832  81  190  981  878  897  85  655  699  786  597  76  436  367  557  428  672  840  516  775  1  90  148  249  918  988  863  520  798  102  598  470  648  784  724  888  97  259  474  392  111  120  300  268  289  412  825  327  677  32  117  552  564  827  737  783  276  196  521  926  495  598  705  6  281  429  766  739  291  660  399  739  834  859  282  538  399  474  196  477  839  523  19  1  530  354  660  222  15  277  92  633  220  563  565  684  742  950  331  342  277  609  390  80  297  841  295  979  287  0  191  835  347  230  529  498  575  993  64  479  697  
498  120  493  569  33  272  133  214  461  171  942  967  584  160  401  635  901  274  278  903  412  868  982  548  891  629  316  852  474  899  447  663  254  783  218  958  673  109  962  694  218  442  522  337  674  826  135  673  240  172  740  810  721  122  115  340  643  796  767  714  606  570  372  770  150  814  330  960  870  657  359  821  437  145  124  527  576  313  189  761  860  653  834  877  691  96  552  196  440  718  314  343  695  539  863  191  425  317  523  381  352  420  776  917  195  752  206  150  825  751  838  417  784  355  779  976  247  0  948  207  875  53  304  569  716  996  58  958  
357  980  8  754  879  422  91  599  979  218  121  877  780  432  633  780  607  497  916  110  541  557  445  897  139  345  266  555  432  12  471  174  748  416  960  699  694  263  739  925  719  455  741  617  904  400  855  966  899  709  103  140  344  777  599  23  887  570  536  795  411  208  651  729  602  611  785  234  17  875  670  860  366  562  653  408  251  570  353  583  994  931  554  617  438  750  836  259  656  244  378  388  707  613  243  247  571  786  903  23  62  364  363  544  404  514  788  986  117  389  296  375  148  303  156  649  827  785  0  575  412  734  336  424  903  582  104  652  
332  831  784  43  953  776  56  415  269  269  765  643  690  820  53  627  479  557  449  741  980  54  133  420  605  206  120  269  52  999  739  371  215  838  375  679  379  211  70  226  510  761  891  882  48  465  121  585  247  119  749  494  599  642  314  987  11  715  429  671  755  11  884  679  317  34  834  889  640  722  411  589  299  618  607  546  874  658  625  265  937  301  626  179  418  861  387  40  920  82  638  887  303  724  962  639  311  467  377  409  500  119  367  479  502  309  868  114  867  251  699  95  863  777  932  281  539  226  671  0  920  178  213  980  782  916  878  491  
813  616  689  456  535  689  968  165  748  313  433  475  177  569  481  216  367  91  764  946  594  180  276  461  515  207  506  265  975  930  859  318  325  978  406  438  581  565  707  242  660  409  996  644  127  438  180  324  984  68  230  665  906  443  659  373  216  196  402  579  747  929  568  899  120  686  46  785  442  621  983  412  395  297  369  240  715  306  114  732  321  791  314  191  34  740  51  347  893  548  465  746  102  10  432  726  854  890  672  158  223  65  730  313  380  21  986  862  66  445  730  74  753  478  461  734  671  564  945  637  0  980  288  787  865  284  185  61  
642  918  697  21  19  830  877  385  899  460  12  792  968  332  36  416  176  840  378  498  58  236  612  740  619  350  531  469  479  962  976  925  97  741  285  353  898  370  451  690  988  35  384  116  305  763  907  65  816  406  470  65  938  317  356  610  843  702  509  469  476  67  18  609  776  51  585  986  416  546  614  212  331  243  201  663  179  159  501  390  93  325  803  408  735  418  408  906  229  605  253  810  630  660  950  573  932  395  656  553  909  119  717  846  987  189  503  832  564  80  643  569  914  420  682  694  361  33  517  854  850  0  920  666  904  563  410  158  
155  914  369  449  727  598  425  408  791  830  573  622  876  215  431  692  259  648  374  750  233  66  671  37  671  687  379  404  884  708  531  141  304  35  8  923  366  396  331  402  390  352  921  367  600  673  930  821  164  364  478  59  203  926  103  430  808  397  769  876  737  916  717  617  437  826  38  898  537  107  105  435  794  592  70  338  841  934  503  164  405  722  57  382  396  212  734  48  401  633  649  637  334  484  621  141  223  989  278  188  656  905  499  889  963  416  420  969  259  488  786  457  818  256  640  465  326  350  864  609  681  762  0  786  183  541  329  919  
969  598  16  196  447  404  292  331  942  221  115  627  70  328  847  699  438  828  735  741  488  979  234  650  444  678  423  396  951  75  10  814  712  819  936  83  341  195  168  560  29  706  786  538  555  270  389  288  173  880  342  873  846  795  667  298  714  492  597  723  96  119  498  587  873  217  890  146  194  261  15  544  766  264  804  991  943  289  197  669  549  240  811  99  184  88  607  657  186  422  257  817  400  447  993  276  532  273  459  387  554  0  801  215  520  356  595  890  89  905  380  449  551  496  260  94  48  517  170  956  456  549  789  0  530  989  303  498  
255  68  311  27  380  702  680  903  591  413  551  625  686  641  310  395  962  743  797  677  307  590  17  46  977  954  399  61  86  244  355  625  866  730  526  273  945  317  984  910  877  210  841  535  517  169  748  757  209  668  912  912  565  217  524  233  168  445  638  761  517  95  149  0  74  150  17  597  668  844  157  801  600  910  936  220  458  477  14  210  999  625  528  290  138  477  585  39  933  699  255  86  272  250  581  487  472  371  249  184  877  943  539  657  933  807  540  174  964  686  667  151  171  783  477  391  148  335  395  984  99  976  658  957  0  477  454  150  
215  938  710  761  669  949  4  912  300  450  915  555  101  825  760  908  291  284  514  595  223  905  892  991  207  449  197  391  198  910  399  152  266  609  773  904  169  226  719  455  616  910  782  576  159  814  672  946  71  417  499  186  98  859  323  489  513  771  751  800  462  917  565  47  186  452  631  616  975  136  441  258  527  238  17  810  643  733  767  366  310  823  5  377  643  559  589  714  597  71  970  761  950  550  488  848  161  938  154  238  864  370  771  536  750  616  369  281  540  669  430  257  255  932  799  773  185  856  167  800  25  134  150  347  529  0  163  691  
623  840  179  336  373  228  499  845  374  231  852  217  385  278  589  38  168  440  142  34  405  259  523  899  790  875  39  971  631  411  273  251  871  434  910  855  272  688  496  833  939  140  271  383  305  831  639  417  141  754  210  851  854  978  920  809  416  216  132  385  691  917  362  459  773  411  386  908  328  704  643  91  47  982  500  868  149  218  773  244  38  189  340  824  943  345  173  629  527  762  416  146  180  664  227  398  369  891  352  768  602  798  541  419  634  245  652  360  610  499  526  758  193  412  519  376  237  607  435  256  188  948  172  472  362  749  0  193  
517  75  439  874  170  561  95  969  838  751  953  96  131  389  217  955  751  952  894  741  39  640  652  70  282  832  373  627  635  536  773  342  102  749  420  131  77  191  482  772  137  770  931  34  149  525  336  831  726  742  555  761  305  150  714  660  511  560  403  998  174  648  494  719  4  795  920  850  140  961  665  970  518  527  797  439  420  660  504  642  266  63  503  331  726  219  251  198  792  940  845  771  645  12  827  362  595  593  634  627  719  623  447  254  841  514  956  285  44  154  754  585  955  379  9  980  434  471  167  22  570  581  266  164  694  945  852  0  
