16
0  562  915  191  159  895  398  361  143  913  580  561  988  80  676  373  
864  0  284  994  463  806  512  783  107  344  872  156  921  341  941  591  
653  756  0  138  199  130  502  788  757  305  560  573  177  927  948  11  
344  812  771  0  352  965  416  885  442  815  382  472  451  157  19  717  
240  669  968  113  0  195  429  65  494  400  320  676  423  694  196  587  
328  978  643  994  607  0  705  874  273  643  999  907  518  419  525  626  
264  350  262  432  982  448  0  50  266  621  808  686  612  237  168  754  
911  758  736  943  573  495  990  0  592  563  52  371  84  337  260  970  
201  229  870  297  195  742  984  890  0  712  960  160  561  369  884  206  
676  846  88  237  90  312  151  702  30  0  164  122  51  241  100  757  
302  564  386  154  618  829  138  320  709  906  0  582  63  579  980  888  
623  978  670  213  434  979  680  438  486  405  126  0  798  546  597  40  
443  679  77  731  792  947  789  753  269  85  115  963  0  255  62  891  
647  965  510  214  335  342  165  225  356  592  749  554  934  0  349  994  
645  938  594  382  740  832  182  397  677  849  814  50  291  502  0  579  
30  360  195  890  580  86  527  619  874  233  144  300  271  439  184  0  
