32
0  837  395  906  617  771  376  49  422  833  194  932  640  880  195  453  597  949  415  814  358  990  513  493  259  167  684  882  525  186  760  391  
22  0  719  169  817  309  653  357  250  64  611  404  427  729  141  358  357  935  799  312  158  345  617  288  321  810  478  462  606  796  353  671  
514  467  0  675  626  808  453  225  930  576  73  947  125  841  891  887  103  420  3  378  435  868  116  394  289  486  980  487  266  949  910  861  
84  118  357  0  476  473  831  598  217  334  521  668  907  402  111  729  964  336  352  112  46  482  829  950  776  673  382  131  640  662  212  899  
975  842  230  370  0  872  661  740  452  483  770  132  500  964  828  454  878  360  201  593  590  973  452  602  126  952  990  367  169  893  670  87  
883  691  828  834  819  0  680  86  187  160  550  704  928  342  65  200  247  68  593  180  266  792  551  490  466  133  909  970  108  660  417  934  
935  728  755  816  357  633  0  449  884  151  731  18  929  668  404  753  838  302  341  674  632  338  810  125  893  32  97  132  678  249  690  816  
212  762  782  661  674  303  550  0  910  423  797  692  474  866  317  792  754  81  921  651  807  29  814  771  239  554  422  674  745  883  313  232  
519  188  138  502  443  772  312  940  0  658  420  931  71  100  628  608  712  533  3  773  837  4  32  695  113  476  89  874  948  44  219  545  
892  946  945  195  985  737  194  333  43  0  75  365  137  389  121  478  485  739  359  836  966  663  785  302  730  630  7  765  506  954  400  34  
883  155  384  599  186  616  112  108  339  628  0  802  150  643  411  186  115  159  686  512  272  478  850  192  858  844  929  808  210  726  885  184  
851  925  846  164  419  493  683  973  128  265  125  0  574  564  54  787  961  426  921  184  149  819  767  713  987  436  362  427  647  113  111  197  
664  456  227  827  661  71  820  447  941  108  526  664  0  967  971  517  594  905  384  163  782  81  23  379  672  339  555  470  499  873  443  580  
141  937  672  728  319  269  565  802  532  238  110  104  260  0  252  678  676  301  551  116  110  44  557  927  370  683  252  436  690  978  557  220  
675  214  615  253  580  963  609  818  58  515  560  132  103  872  0  940  276  222  655  436  521  631  59  745  656  281  828  999  804  635  92  531  
253  16  228  236  844  774  206  721  486  275  156  623  905  80  362  0  138  528  864  961  327  977  746  111  29  800  823  870  286  308  315  299  
629  429  405  688  365  787  768  427  322  175  931  411  270  852  725  196  0  387  689  95  934  605  942  333  586  102  171  129  617  845  834  277  
309  207  453  264  221  276  745  542  235  401  524  658  225  361  932  123  736  0  13  808  417  713  492  20  680  800  38  951  157  983  793  651  
567  739  480  395  730  966  477  456  827  520  746  498  961  394  602  656  877  643  0  528  135  533  623  405  368  597  340  172  263  821  306  385  
222  360  449  65  542  282  476  45  150  784  850  34  676  690  817  464  622  449  43  0  296  661  695  870  965  540  79  209  31  638  405  46  
810  676  372  929  460  542  456  347  452  44  109  902  632  962  59  509  745  701  420  966  0  670  150  261  247  717  99  838  205  172  546  872  
804  324  658  746  853  610  300  526  135  460  150  645  71  107  350  68  567  553  810  16  388  0  470  7  646  40  49  985  840  136  941  34  
374  161  619  231  486  148  316  560  395  2  595  897  801  863  883  467  772  731  646  11  956  11  0  641  620  501  969  613  662  812  416  19  
340  698  48  572  986  685  836  133  1  756  126  700  599  90  9  691  936  596  133  351  970  754  681  0  128  482  456  390  290  469  395  367  
102  503  757  880  704  197  368  41  147  878  797  113  66  460  123  779  46  707  611  119  118  655  395  682  0  778  766  966  450  718  775  291  
265  176  655  206  447  928  933  582  833  507  956  29  391  702  139  701  333  644  246  881  292  61  115  197  392  0  205  222  624  619  891  408  
283  85  117  916  357  346  866  453  728  366  6  653  166  810  214  988  118  362  376  724  209  361  465  795  665  472  0  863  454  386  627  547  
413  638  473  741  102  540  534  34  433  623  399  246  83  81  34  919  150  69  488  256  142  425  859  138  572  307  646  0  169  659  759  252  
877  467  530  450  801  830  633  140  274  706  797  854  204  231  580  910  19  960  153  415  294  846  144  839  116  944  600  891  0  266  235  35  
722  652  940  455  275  302  550  538  637  885  218  260  417  951  305  59  382  464  110  146  348  271  710  287  530  742  469  826  238  0  785  415  
105  203  469  22  11  443  391  92  835  872  4  902  755  595  758  436  297  95  149  503  254  644  186  929  689  517  597  163  225  112  0  808  
466  426  704  620  16  722  773  254  285  715  363  966  314  656  196  162  379  979  914  955  599  486  43  502  708  434  707  185  359  827  279  0  
