64
0  287  25  758  164  150  187  403  239  366  942  287  498  742  595  851  328  903  527  664  641  723  748  24  134  947  155  504  274  762  909  297  968  154  47  261  701  334  780  520  203  91  545  430  708  430  991  251  797  681  562  107  341  609  62  115  652  249  724  103  938  867  774  537  
863  0  536  701  700  812  446  250  664  818  539  922  606  302  694  430  291  787  512  825  283  503  36  313  457  219  407  634  797  960  261  182  135  125  535  919  663  536  701  967  519  374  94  144  128  237  392  976  952  13  706  950  602  977  591  71  934  119  16  47  906  538  76  637  
919  162  0  416  739  813  797  635  345  197  913  719  756  338  764  162  238  959  347  956  974  154  683  627  283  405  327  327  559  254  313  347  567  959  195  465  126  585  303  249  765  459  250  65  89  260  604  844  893  699  964  501  407  315  981  368  204  194  40  567  378  652  741  978  
315  893  360  0  838  920  67  232  210  634  521  614  110  81  234  504  283  19  527  722  489  739  748  464  288  475  297  803  204  162  385  605  463  892  49  897  906  342  505  851  847  230  607  578  148  910  80  717  505  966  245  500  75  277  784  556  567  295  834  579  79  993  894  586  
558  644  247  125  0  5  321  658  722  43  820  91  319  132  795  608  997  310  296  347  372  129  369  788  48  898  564  752  404  886  922  721  930  73  457  56  760  74  265  64  596  704  947  691  318  134  630  676  969  395  98  344  984  115  812  390  660  805  638  23  35  765  582  689  
771  189  161  722  721  0  216  993  236  607  988  655  884  583  987  651  9  166  422  919  915  668  82  481  560  307  688  26  866  726  131  423  386  91  906  583  670  633  739  660  136  417  644  115  260  703  25  313  988  776  580  209  220  831  256  587  319  411  165  164  370  426  491  333  
645  258  638  50  109  603  0  449  748  818  39  860  954  747  299  854  116  896  168  82  904  224  726  890  19  916  295  731  315  44  153  374  466  816  712  746  583  426  958  776  160  368  917  727  558  973  130  869  684  295  792  485  393  642  47  10  443  463  140  333  470  640  992  166  
650  344  910  982  526  577  227  0  347  387  220  849  827  678  578  543  274  257  325  773  249  446  420  339  453  870  40  928  968  230  179  546  791  409  941  645  216  832  553  960  647  462  428  533  266  233  871  55  377  904  210  368  816  137  528  56  568  967  337  149  264  731  353  115  
528  660  391  471  49  955  486  149  0  968  662  321  540  866  67  200  744  81  966  875  983  865  412  798  162  380  393  405  181  915  250  189  881  53  844  644  309  90  674  500  853  190  165  413  571  24  736  267  269  715  330  354  136  933  762  316  25  678  255  440  548  15  505  931  
802  309  372  828  834  162  331  948  530  0  84  158  668  469  626  786  560  755  223  323  616  302  206  758  43  147  125  6  426  655  694  181  648  767  24  998  459  666  145  353  415  895  956  240  198  488  647  164  744  925  679  539  27  321  372  819  616  309  274  593  769  513  108  934  
162  16  882  160  38  612  299  565  441  806  0  444  885  699  910  268  869  797  279  778  524  322  560  239  156  106  875  585  193  247  574  128  870  100  364  600  442  377  688  685  562  242  852  475  957  929  522  158  316  490  793  604  722  750  970  518  970  656  52  598  209  276  880  945  
169  301  478  118  697  875  542  301  105  362  23  0  482  699  997  804  923  700  694  983  60  511  726  658  77  255  329  369  681  111  67  845  640  40  572  309  965  950  980  95  470  32  669  828  101  451  955  607  259  171  501  326  239  39  797  420  189  10  738  654  792  814  178  0  
572  448  588  761  456  158  632  864  904  867  17  352  0  900  49  495  691  680  0  766  314  240  11  599  377  194  7  889  412  510  456  607  412  5  903  881  847  437  70  148  476  88  890  795  810  937  732  299  686  689  486  65  989  572  941  633  810  228  763  671  202  223  492  301  
557  935  410  334  666  837  705  539  292  51  245  695  840  0  60  71  590  615  38  284  747  620  657  491  420  207  156  74  979  56  850  895  255  555  685  487  555  904  287  45  799  873  615  457  135  741  938  875  867  381  225  304  733  83  226  504  77  742  853  724  626  769  686  846  
943  647  559  481  838  213  944  151  109  664  560  565  938  697  0  239  202  615  0  862  458  898  690  948  659  265  373  806  33  478  744  446  655  276  390  394  678  650  977  551  410  318  737  602  99  965  629  987  155  981  256  293  0  171  821  14  652  565  367  486  503  483  681  945  
383  424  461  637  966  687  303  802  139  596  724  810  799  77  278  0  713  81  675  65  239  186  183  65  205  253  775  758  173  778  569  420  195  358  6  910  388  769  648  971  480  486  162  623  101  243  781  146  572  765  813  802  702  959  653  951  764  131  609  749  61  341  816  557  
277  849  599  327  672  890  847  102  656  140  319  292  721  238  981  600  0  195  468  931  342  712  121  205  964  692  861  165  808  375  60  75  946  410  497  85  989  293  115  649  463  3  659  955  94  448  790  232  590  512  199  451  618  2  582  631  332  618  473  758  574  121  363  258  
346  44  331  244  263  699  428  238  192  563  431  965  778  55  444  63  579  0  747  822  677  262  446  550  673  172  73  531  156  239  82  918  346  532  389  656  174  596  757  397  385  131  963  628  116  454  336  966  174  575  923  247  751  180  131  68  816  292  398  435  649  469  385  490  
20  414  773  925  999  987  272  334  498  131  49  799  284  31  945  933  511  393  0  35  114  778  385  892  724  896  532  228  289  652  966  957  838  851  934  48  487  944  717  949  361  155  755  400  668  905  143  212  172  283  616  531  711  448  734  223  383  64  56  610  315  314  178  88  
451  152  470  54  864  634  303  157  593  41  166  494  975  159  250  300  168  202  495  0  147  488  944  223  69  635  527  202  238  114  617  146  260  400  540  707  830  403  176  609  305  687  620  54  548  317  269  497  924  352  386  306  517  194  699  363  787  772  577  297  892  463  20  101  
366  840  322  150  915  305  383  531  159  510  874  513  756  625  367  72  803  707  566  685  0  91  404  751  928  154  627  976  913  367  651  167  194  722  111  795  680  935  138  775  786  866  546  278  436  324  347  671  756  716  594  268  273  808  980  76  72  40  999  574  288  597  197  790  
773  711  633  359  302  683  335  832  191  624  700  678  943  417  299  622  849  83  960  624  927  0  586  953  152  648  704  74  658  730  609  644  677  828  239  259  433  443  14  606  742  122  286  688  170  515  593  300  294  362  234  804  377  907  83  816  363  825  943  247  290  396  965  577  
568  147  373  903  871  169  732  654  76  178  795  66  246  713  237  442  937  663  972  118  564  821  0  376  255  539  224  478  848  134  267  422  852  110  272  182  605  61  879  864  378  780  237  143  144  105  859  482  386  599  520  187  143  590  498  645  81  851  492  340  388  629  547  232  
243  865  293  579  342  103  877  295  165  718  908  697  569  144  143  971  795  205  805  987  57  206  53  0  584  335  434  639  813  77  919  769  947  94  935  928  156  47  905  978  994  511  925  717  270  953  837  421  963  487  165  596  945  170  759  486  819  71  743  307  647  635  182  522  
139  725  364  404  198  28  145  808  213  835  401  657  242  139  167  726  223  155  252  138  160  687  741  872  0  858  85  414  4  414  63  868  200  484  968  746  258  854  648  433  29  357  226  686  908  421  297  293  782  286  759  533  609  124  921  742  905  993  145  42  677  300  450  295  
408  739  514  37  369  990  403  292  404  634  892  184  949  137  311  363  748  668  600  544  653  905  893  231  728  0  17  130  846  8  52  792  181  287  153  229  217  303  493  219  460  124  504  492  447  489  200  421  105  163  797  110  687  950  717  607  312  177  256  790  553  776  245  409  
374  957  46  546  982  389  785  254  24  462  62  378  987  907  10  184  360  514  336  933  433  629  225  745  274  570  0  889  985  581  687  981  142  125  263  351  261  402  812  466  852  676  826  248  988  145  483  578  974  420  965  880  414  413  239  944  898  0  406  861  543  733  206  320  
355  420  453  439  80  531  159  552  41  271  399  499  709  913  694  964  216  150  670  937  115  254  980  70  602  76  560  0  280  657  644  734  484  276  339  671  708  778  386  415  744  274  669  843  717  629  319  537  931  601  542  692  106  992  988  856  727  89  980  745  590  382  102  696  
531  542  930  937  321  335  50  210  91  424  500  205  390  705  524  251  348  256  355  887  263  793  218  635  346  908  67  665  0  737  593  5  25  840  546  905  604  890  747  765  223  27  163  624  965  149  401  684  136  504  496  286  374  390  810  213  108  56  172  879  834  53  940  85  
875  594  179  758  27  3  268  353  115  90  400  467  798  116  912  494  461  521  320  896  591  795  762  362  285  482  280  367  769  0  668  333  58  934  314  989  272  320  699  642  818  144  380  479  971  400  151  174  235  623  907  203  574  933  731  461  351  591  22  18  609  177  357  717  
908  855  444  809  49  636  953  206  723  63  499  639  966  650  948  250  408  544  649  314  393  559  679  953  226  696  88  343  255  497  0  340  82  816  417  69  79  76  391  203  203  685  943  161  466  332  579  525  122  678  212  942  569  669  201  589  784  849  282  245  360  466  467  569  
779  784  122  760  832  114  223  641  675  588  702  244  773  545  18  67  348  674  258  493  840  386  120  568  358  324  127  456  790  77  308  0  20  871  505  380  637  471  418  743  10  9  333  4  577  598  312  796  824  692  277  804  48  426  757  881  685  255  104  621  625  16  127  649  
328  839  93  604  142  348  249  478  51  488  107  165  509  165  957  739  859  375  662  59  608  578  862  31  646  822  457  108  878  741  716  841  0  762  865  638  911  967  157  367  620  498  382  767  45  498  259  305  904  21  712  52  898  755  653  110  460  453  395  651  621  900  898  51  
548  978  667  365  356  619  922  349  379  636  152  812  359  960  761  83  649  690  255  25  917  813  30  290  589  250  422  600  440  38  589  377  768  0  854  669  131  215  28  640  294  309  360  274  495  489  448  758  316  173  951  914  67  192  992  193  432  573  78  931  665  440  330  263  
31  195  947  163  124  285  185  171  247  534  71  612  92  468  844  304  511  586  529  126  578  85  244  194  971  349  192  571  407  918  725  903  122  184  0  670  323  196  116  419  404  806  219  141  957  622  514  307  723  763  792  888  574  632  362  91  213  338  455  467  243  161  694  69  
780  798  983  713  708  889  621  101  977  784  287  829  445  9  84  50  30  573  463  832  100  772  274  560  171  455  605  551  286  520  140  26  971  721  751  0  628  265  821  293  960  507  633  257  818  969  977  362  54  333  308  771  727  786  376  105  904  351  792  96  268  671  197  463  
962  447  574  928  131  783  183  546  846  732  372  573  15  104  979  728  625  719  387  729  343  107  626  266  295  310  799  684  651  577  308  3  667  754  492  817  0  287  852  843  744  833  104  939  109  245  626  941  850  966  216  657  751  788  203  35  28  882  224  855  470  747  449  451  
997  197  193  399  656  309  541  297  558  550  753  510  921  163  160  999  582  994  635  21  988  476  202  206  559  490  149  329  997  138  363  465  678  233  917  547  999  0  86  268  99  47  159  207  235  343  623  12  586  172  535  807  105  931  322  264  279  965  746  132  686  14  607  590  
740  432  738  7  291  899  312  375  415  560  940  23  975  127  225  7  323  776  487  91  862  612  921  526  718  392  490  575  802  718  204  592  866  356  274  305  785  453  0  795  98  995  151  351  479  921  404  539  276  436  889  120  225  294  116  789  655  674  638  975  483  118  388  228  
702  340  475  580  998  591  32  145  593  197  614  551  385  271  443  73  550  345  544  84  992  849  723  636  237  269  393  527  674  66  917  903  349  245  698  187  149  810  883  0  903  617  345  22  979  554  60  137  728  798  385  80  587  72  300  805  418  616  844  156  334  504  316  936  
162  536  183  441  783  12  800  489  972  175  134  851  42  786  510  45  322  418  379  61  269  555  251  152  633  387  491  965  524  416  132  252  820  936  382  761  417  540  565  756  0  789  650  224  20  678  137  589  779  640  791  743  164  735  365  29  273  837  633  563  22  875  855  286  
249  348  397  596  275  668  819  146  112  350  197  990  534  560  802  588  113  13  919  491  179  331  407  363  820  84  754  402  250  210  357  427  12  96  404  809  68  796  141  288  264  0  552  964  31  918  142  97  478  391  932  84  404  201  899  391  182  19  143  584  75  686  941  312  
502  491  226  834  824  785  149  93  372  159  343  345  944  459  494  303  105  954  733  159  546  554  782  195  700  886  603  6  656  585  907  973  505  896  603  832  863  108  772  283  91  238  0  572  822  661  809  105  725  885  505  776  148  269  285  571  849  579  706  791  55  265  679  314  
330  448  917  854  291  629  493  329  550  163  768  752  953  150  108  634  901  463  387  982  865  58  31  365  568  681  831  654  745  437  207  316  231  955  593  328  642  223  204  253  348  656  936  0  835  739  132  997  709  267  536  804  355  95  721  143  358  235  399  682  985  242  756  376  
594  383  476  230  874  240  137  636  806  430  135  522  400  608  854  398  856  385  402  670  910  314  430  557  272  898  664  60  247  32  790  199  54  949  376  78  36  77  448  212  480  145  30  203  0  748  552  566  883  722  977  123  423  456  116  653  34  154  493  200  379  162  148  756  
472  137  129  841  860  868  377  153  283  393  722  798  603  14  168  634  773  870  31  634  273  601  601  47  231  243  67  951  917  106  165  189  606  694  773  398  245  240  187  257  379  427  815  218  563  0  143  202  705  332  994  85  290  669  21  370  812  123  132  188  558  437  425  731  
942  635  607  921  61  975  760  838  392  855  22  415  751  831  124  850  575  345  743  486  672  418  262  424  789  896  757  948  189  318  644  315  36  558  641  441  432  848  734  292  374  180  390  210  181  623  0  515  537  478  105  766  308  904  352  76  50  676  690  692  164  884  611  43  
275  169  715  343  860  75  51  286  663  106  850  855  991  2  90  437  314  181  541  451  741  755  469  493  359  976  198  598  655  526  637  791  959  224  894  219  52  437  836  497  114  536  373  853  147  322  382  0  892  83  455  156  47  664  322  239  171  609  72  621  354  515  494  299  
734  415  737  373  147  587  761  927  630  999  695  187  259  335  247  745  308  17  232  915  412  903  902  261  124  761  491  696  872  352  514  547  947  284  484  679  176  912  571  908  600  802  349  751  73  817  659  672  0  838  185  654  950  869  176  272  745  50  11  541  487  913  668  95  
331  537  432  117  228  146  291  690  315  721  247  942  256  159  943  968  102  476  613  642  523  954  328  300  72  274  647  86  69  644  548  631  202  448  302  928  597  941  107  399  577  874  754  30  571  328  279  314  291  0  180  660  553  65  786  704  619  542  578  501  916  553  823  60  
627  411  769  7  493  666  565  696  498  677  572  735  751  553  860  676  988  686  973  535  317  993  888  802  400  376  452  426  2  600  524  686  358  958  408  666  664  278  249  986  0  529  323  91  234  423  603  760  662  77  0  144  3  524  80  484  223  832  972  814  765  297  449  969  
202  684  414  800  279  613  315  590  554  198  986  346  750  492  907  976  310  589  591  328  487  957  735  193  980  830  696  896  723  50  894  311  624  229  462  709  706  294  300  988  926  216  146  247  423  66  849  721  117  350  808  0  762  289  587  208  181  421  721  276  472  610  646  906  
631  749  340  569  210  833  942  731  340  784  204  368  940  126  840  388  107  910  49  433  733  74  334  662  463  445  232  572  303  492  631  797  415  562  221  927  861  774  940  687  710  50  761  485  358  522  768  809  333  898  663  261  0  868  804  828  964  281  977  319  721  301  108  166  
996  776  508  560  123  159  29  381  654  36  22  437  702  60  812  702  128  103  217  423  71  266  485  368  574  371  19  227  494  575  590  515  235  283  312  390  997  698  408  153  521  980  520  396  731  16  658  489  185  55  221  850  700  0  309  675  524  403  42  883  783  175  927  173  
119  284  173  891  890  648  618  108  666  848  913  27  969  886  206  829  941  153  628  350  207  183  214  680  771  37  602  286  106  139  718  358  617  425  543  875  293  722  680  221  266  639  187  463  39  60  798  830  946  113  560  759  789  591  0  66  768  69  916  296  374  199  597  613  
852  361  807  140  225  289  79  577  515  480  269  8  585  283  657  791  450  189  945  288  595  157  889  775  679  125  162  181  235  89  672  997  614  358  822  909  693  914  592  903  940  992  675  932  175  451  151  985  317  951  995  93  491  793  292  0  139  903  890  733  574  830  97  647  
458  306  828  83  697  883  870  553  564  891  794  169  686  338  638  264  903  962  189  425  324  277  879  232  264  152  590  350  682  749  696  415  677  285  621  274  158  674  688  332  4  130  95  83  363  665  961  101  58  928  160  139  295  24  889  828  0  177  901  379  691  425  487  331  
823  957  98  458  941  574  332  698  36  36  721  442  618  772  483  981  433  753  126  624  238  186  436  919  842  869  206  864  739  524  738  110  965  230  368  315  181  274  835  8  431  831  116  342  39  978  809  626  120  790  967  398  408  50  979  506  453  0  178  81  344  483  186  405  
866  203  253  458  82  321  95  476  194  987  976  704  414  285  554  850  113  786  275  464  842  763  136  568  147  441  748  376  87  880  782  286  477  436  622  971  292  734  173  582  358  504  13  836  696  595  900  496  327  42  556  355  854  901  388  821  290  910  0  795  964  230  581  288  
514  186  983  909  148  608  436  68  846  817  339  591  382  46  969  134  65  256  436  622  956  968  895  819  133  203  42  798  821  446  660  454  21  350  1  251  963  47  193  918  624  180  536  567  840  876  780  396  374  873  510  959  902  614  593  410  527  121  234  0  897  797  369  479  
278  444  943  676  419  783  454  521  502  930  602  297  803  747  860  584  575  595  415  7  855  827  837  746  547  872  853  456  435  77  994  737  758  107  475  612  398  664  698  775  99  168  914  261  295  256  609  230  891  990  784  831  930  207  205  409  743  642  664  589  0  326  268  895  
966  416  765  686  925  398  998  535  819  851  157  677  659  470  441  339  80  45  535  321  397  223  934  610  738  423  297  800  375  589  585  757  543  562  906  191  993  857  497  963  23  651  282  174  353  582  758  32  492  884  743  483  308  332  410  133  296  51  763  9  975  0  695  848  
959  476  436  398  983  492  878  404  166  901  462  790  220  7  133  165  690  703  987  168  320  677  405  506  900  893  576  852  302  840  853  183  394  541  974  761  372  878  801  771  937  309  377  10  502  137  646  246  923  864  54  319  968  290  449  152  116  188  573  52  123  136  0  126  
342  938  738  934  90  312  921  918  916  864  736  30  844  121  871  251  550  718  828  846  107  640  603  604  972  103  182  676  29  635  101  602  231  336  372  318  530  15  592  901  101  799  172  349  172  659  379  472  511  147  787  200  175  613  421  427  490  609  583  810  828  790  172  0  
